  -9.9996775e-01   8.0315229e-03
  -9.4111943e-01  -3.3807427e-01
  -9.3780033e-01   3.4717507e-01
  -7.7179199e-01  -6.3587509e-01
  -7.6516958e-01   6.4382880e-01
  -6.5688822e-01   2.3996070e-01
  -6.4481207e-01  -1.1314404e-01
  -5.3691951e-01  -4.4810806e-01
  -5.0951407e-01  -8.6046232e-01
  -4.9487408e-01   8.6896470e-01
  -4.2094319e-01   5.0165260e-01
  -3.3900688e-01   1.2261203e-01
  -2.7545347e-01  -2.3257659e-01
  -2.2509961e-01  -6.1498087e-01
  -1.8019545e-01  -9.8363083e-01
  -1.6974771e-01   9.8548755e-01
  -1.2111493e-01   6.8914248e-01
  -6.3210029e-02   3.5553563e-01
   8.5496316e-04   1.2957464e-04
   6.3957911e-02  -3.5544478e-01
   1.1907189e-01  -6.8952046e-01
   1.6282121e-01  -9.8665559e-01
   1.7456523e-01   9.8464561e-01
   2.2419728e-01   6.1573186e-01
   2.7668949e-01   2.3302678e-01
   3.4030952e-01  -1.2276410e-01
   4.2024256e-01  -5.0282653e-01
   4.8968640e-01  -8.7189864e-01
   5.0580825e-01   8.6264594e-01
   5.3692879e-01   4.4923052e-01
   6.4567753e-01   1.1310744e-01
   6.5717015e-01  -2.4136558e-01
   7.6203734e-01  -6.4753308e-01
   7.6980706e-01   6.3827665e-01
   9.3643630e-01  -3.5083764e-01
   9.4082518e-01   3.3889228e-01
   9.9995305e-01  -9.6903075e-03
