   6.4000000e+02   6.3800000e+02
   3.0400000e+02   2.7400000e+02
   2.9400000e+02   3.2700000e+02
   2.6300000e+02   2.9400000e+02
   1.4000000e+01   8.0000000e+00
   5.2000000e+01   3.8000000e+01
   3.3400000e+02   3.0400000e+02
   1.2900000e+02   1.0200000e+02
   5.7600000e+02   5.9200000e+02
   6.3800000e+02   6.3600000e+02
   6.3900000e+02   6.4000000e+02
   3.8800000e+02   4.1600000e+02
   8.0000000e+00   6.0000000e+00
   3.8000000e+01   2.7000000e+01
   1.5700000e+02   1.2900000e+02
   1.8400000e+02   1.5700000e+02
   1.0200000e+02   8.8000000e+01
   1.8100000e+02   2.0800000e+02
   6.1500000e+02   6.2200000e+02
   5.4000000e+02   5.6000000e+02
   5.9200000e+02   6.0400000e+02
   4.6700000e+02   4.9500000e+02
   4.1600000e+02   4.4700000e+02
   3.5800000e+02   3.8800000e+02
   6.0000000e+00   4.0000000e+00
   1.5500000e+02   1.8100000e+02
   1.0900000e+02   1.2800000e+02
   5.8700000e+02   5.7200000e+02
   5.3400000e+02   5.0900000e+02
   5.7200000e+02   5.5100000e+02
   5.5100000e+02   5.3400000e+02
   2.7000000e+01   2.0000000e+01
   2.0000000e+01   1.4000000e+01
   2.4400000e+02   2.1400000e+02
   6.6000000e+01   5.2000000e+01
   8.8000000e+01   6.6000000e+01
   2.0800000e+02   2.3700000e+02
   2.3700000e+02   2.6300000e+02
   6.2200000e+02   6.2900000e+02
   6.2900000e+02   6.3300000e+02
   6.3300000e+02   6.3500000e+02
   4.9500000e+02   5.2200000e+02
   5.6000000e+02   5.7600000e+02
   6.0400000e+02   6.1500000e+02
   6.3500000e+02   6.3700000e+02
   4.4700000e+02   4.6700000e+02
   5.2200000e+02   5.4000000e+02
   3.2700000e+02   3.5800000e+02
   9.0000000e+00   1.5000000e+01
   1.0000000e+00   3.0000000e+00
   4.0000000e+00   2.0000000e+00
   5.5000000e+01   7.2000000e+01
   8.9000000e+01   1.0900000e+02
   2.1400000e+02   1.8400000e+02
   2.7400000e+02   2.4400000e+02
   6.3700000e+02   6.3900000e+02
   6.2700000e+02   6.2100000e+02
   6.1300000e+02   6.0200000e+02
   6.2100000e+02   6.1300000e+02
   1.5000000e+01   2.1000000e+01
   3.2000000e+01   4.3000000e+01
   4.3000000e+01   5.5000000e+01
   2.1000000e+01   3.2000000e+01
   7.2000000e+01   8.9000000e+01
   1.2800000e+02   1.5500000e+02
   4.3000000e+02   3.9500000e+02
   5.0900000e+02   4.8100000e+02
   4.8100000e+02   4.5300000e+02
   3.9500000e+02   3.6500000e+02
   3.6500000e+02   3.3400000e+02
   6.3200000e+02   6.2700000e+02
   6.0200000e+02   5.8700000e+02
   7.0000000e+00   9.0000000e+00
   5.0000000e+00   7.0000000e+00
   3.0000000e+00   5.0000000e+00
   2.0000000e+00   1.0000000e+00
   4.5300000e+02   4.3000000e+02
   6.3400000e+02   6.3200000e+02
   6.3600000e+02   6.3400000e+02
