   5.0000000e+00   8.0000000e+00
   1.5500000e+02   1.5700000e+02
   7.5000000e+01   6.0000000e+01
   1.0800000e+02   9.2000000e+01
   4.4000000e+01   3.5000000e+01
   1.5800000e+02   1.5600000e+02
   1.5900000e+02   1.5800000e+02
   7.4000000e+01   8.9000000e+01
   1.0000000e+00   3.0000000e+00
   4.9000000e+01   5.9000000e+01
   9.2000000e+01   7.5000000e+01
   6.0000000e+01   4.4000000e+01
   1.3900000e+02   1.4400000e+02
   1.2900000e+02   1.3900000e+02
   8.9000000e+01   1.0400000e+02
   1.2000000e+02   1.0800000e+02
   1.3200000e+02   1.2000000e+02
   1.5600000e+02   1.5400000e+02
   1.6000000e+01   2.3000000e+01
   8.0000000e+00   1.6000000e+01
   3.0000000e+00   5.0000000e+00
   5.9000000e+01   7.4000000e+01
   2.3000000e+01   3.3000000e+01
   2.1000000e+01   1.5000000e+01
   1.5000000e+01   9.0000000e+00
   3.5000000e+01   2.1000000e+01
   1.4200000e+02   1.3200000e+02
   1.4900000e+02   1.4200000e+02
   1.5400000e+02   1.4900000e+02
   1.4400000e+02   1.5200000e+02
   1.1800000e+02   1.2900000e+02
   1.0400000e+02   1.1800000e+02
   4.0000000e+00   2.0000000e+00
   6.0000000e+00   4.0000000e+00
   9.0000000e+00   6.0000000e+00
   1.5700000e+02   1.5900000e+02
   1.5200000e+02   1.5500000e+02
   3.3000000e+01   4.9000000e+01
   2.0000000e+00   1.0000000e+00
