  -9.9999965e-01  -8.3459934e-04
  -9.9513653e-01   9.8505234e-02
  -9.9504293e-01  -9.9446340e-02
  -9.8078566e-01   1.9508840e-01
  -9.8055841e-01  -1.9622742e-01
  -9.5363022e-01   3.0098075e-01
  -9.5363000e-01  -3.0098143e-01
  -9.1589497e-01  -4.0141799e-01
  -9.1577730e-01   4.0168637e-01
  -9.0969538e-01   8.5071464e-04
  -8.8890250e-01  -2.0001178e-01
  -8.8801939e-01   2.0321363e-01
  -8.7479192e-01   1.0186349e-01
  -8.7440264e-01  -9.9017652e-02
  -8.6703847e-01   4.9824120e-01
  -8.6703414e-01  -4.9824874e-01
  -8.4774938e-01  -3.0102879e-01
  -8.4657902e-01   3.0373711e-01
  -8.0809798e-01   5.8904810e-01
  -8.0750051e-01  -5.8986688e-01
  -8.0612479e-01   1.5777063e-03
  -8.0401673e-01  -3.9722197e-01
  -8.0253111e-01   3.9973989e-01
  -7.9107211e-01  -1.9416639e-01
  -7.9041268e-01   1.9664045e-01
  -7.5505690e-01  -9.5059268e-02
  -7.5493611e-01   9.7849366e-02
  -7.5214286e-01  -4.8845456e-01
  -7.5012497e-01   4.9106616e-01
  -7.4085376e-01  -2.9522121e-01
  -7.3990860e-01   6.7270742e-01
  -7.3963351e-01   2.9779030e-01
  -7.3785161e-01  -6.7496296e-01
  -6.9353853e-01   1.4008126e-03
  -6.9238484e-01  -5.7434989e-01
  -6.9004338e-01  -3.9198420e-01
  -6.8956371e-01   5.7740418e-01
  -6.8835504e-01   3.9467678e-01
  -6.8529489e-01  -1.9338184e-01
  -6.8452554e-01   1.9607447e-01
  -6.6142674e-01   7.5000977e-01
  -6.5559858e-01  -7.5510960e-01
  -6.3835168e-01  -9.5442863e-02
  -6.3805638e-01   9.8252483e-02
  -6.3274671e-01  -4.8501327e-01
  -6.3056910e-01  -2.9307768e-01
  -6.3056707e-01   4.8785814e-01
  -6.2923742e-01   2.9581002e-01
  -6.2896209e-01  -6.6099607e-01
  -6.2397241e-01   6.6376398e-01
  -5.8520187e-01   8.1088765e-01
  -5.7990978e-01   1.4836311e-03
  -5.7658612e-01  -8.1703638e-01
  -5.7538890e-01  -1.9379197e-01
  -5.7534316e-01  -3.9025945e-01
  -5.7450891e-01   1.9663409e-01
  -5.7351656e-01   3.9299460e-01
  -5.7212734e-01  -5.8022581e-01
  -5.6891660e-01   5.8288994e-01
  -5.3533598e-01  -7.0056560e-01
  -5.3005782e-01   7.0387801e-01
  -5.2368336e-01  -9.5934479e-02
  -5.2324044e-01   9.9034025e-02
  -5.1878746e-01  -2.9288724e-01
  -5.1783472e-01  -4.8872105e-01
  -5.1727512e-01   2.9573095e-01
  -5.1536012e-01   4.9118911e-01
  -5.0121952e-01   8.6532017e-01
  -4.8444367e-01  -8.7482246e-01
  -4.6959221e-01  -5.9941467e-01
  -4.6674311e-01  -7.7995123e-01
  -4.6660921e-01   1.7071080e-03
  -4.6619012e-01   6.0165383e-01
  -4.6406986e-01  -1.9447708e-01
  -4.6296464e-01   1.9766776e-01
  -4.6293392e-01  -3.9269172e-01
  -4.6072759e-01   3.9531807e-01
  -4.5972981e-01   7.8504071e-01
  -4.1411493e-01   9.1022460e-01
  -4.1319286e-01  -6.9199383e-01
  -4.1080143e-01  -4.9774241e-01
  -4.1040387e-01  -9.6272874e-02
  -4.0978082e-01   9.9973091e-02
  -4.0920157e-01   6.9417009e-01
  -4.0785059e-01   5.0000749e-01
  -4.0774610e-01  -2.9449245e-01
  -4.0581205e-01   2.9763347e-01
  -3.9739581e-01  -9.1764730e-01
  -3.6328835e-01  -8.0283135e-01
  -3.5653494e-01   8.0338653e-01
  -3.5584288e-01  -5.9516483e-01
  -3.5402548e-01  -3.9676461e-01
  -3.5399438e-01   2.1311943e-03
  -3.5300228e-01  -1.9547853e-01
  -3.5219707e-01   5.9686742e-01
  -3.5151235e-01   1.9938423e-01
  -3.5118316e-01   3.9970854e-01
  -3.2331705e-01   9.4629070e-01
  -3.0459127e-01  -6.9841387e-01
  -3.0305157e-01  -9.5297416e-01
  -2.9982848e-01   6.9861444e-01
  -2.9932027e-01  -4.9571005e-01
  -2.9832815e-01  -9.6421103e-02
  -2.9804126e-01  -2.9618337e-01
  -2.9746524e-01   1.0121215e-01
  -2.9549805e-01   4.9815115e-01
  -2.9546758e-01   3.0019072e-01
  -2.8031736e-01  -8.6704570e-01
  -2.7812890e-01   8.6761764e-01
  -2.4599470e-01  -5.9642332e-01
  -2.4329222e-01  -3.9547551e-01
  -2.4255059e-01  -1.9590623e-01
  -2.4220434e-01   2.8486176e-03
  -2.4107414e-01   5.9778251e-01
  -2.4054539e-01   2.0116289e-01
  -2.3941506e-01   3.9931476e-01
  -2.3749384e-01  -7.8066107e-01
  -2.3250047e-01   7.8031216e-01
  -2.2112666e-01   9.7524510e-01
  -2.0735338e-01  -9.7826611e-01
  -1.8904451e-01  -4.9512033e-01
  -1.8751367e-01  -2.9502017e-01
  -1.8710228e-01  -9.5945983e-02
  -1.8594908e-01   1.0249903e-01
  -1.8575549e-01  -6.8803846e-01
  -1.8401924e-01   3.0056639e-01
  -1.8370284e-01   4.9838506e-01
  -1.8016581e-01   6.8826893e-01
  -1.7110311e-01  -8.8405050e-01
  -1.6966888e-01   8.8322986e-01
  -1.3289837e-01  -3.9408770e-01
  -1.3181155e-01  -1.9466829e-01
  -1.3180472e-01  -5.9081747e-01
  -1.3095805e-01   3.8794708e-03
  -1.2914651e-01   2.0198953e-01
  -1.2756910e-01   3.9969532e-01
  -1.2506488e-01   5.9307792e-01
  -1.2488185e-01  -7.8861245e-01
  -1.2013875e-01   7.8799745e-01
  -1.1671883e-01   9.9316500e-01
  -1.0535191e-01  -9.9443500e-01
  -7.7004562e-02  -2.9331359e-01
  -7.6996711e-02  -4.9126936e-01
  -7.6005381e-02  -9.4668838e-02
  -7.4551408e-02   1.0351010e-01
  -7.4024382e-02  -6.9030027e-01
  -7.2400175e-02   3.0142741e-01
  -6.9543487e-02   4.9651637e-01
  -6.6901217e-02   6.9140549e-01
  -6.4257696e-02   8.9407926e-01
  -6.3787566e-02  -8.9455384e-01
  -2.1676761e-02  -3.9091163e-01
  -2.0973314e-02  -1.9309244e-01
  -2.0884746e-02  -5.8975772e-01
  -1.9748736e-02   4.9759083e-03
  -1.7772797e-02   2.0320807e-01
  -1.6307658e-02  -7.9273899e-01
  -1.4495318e-02   3.9980787e-01
  -1.1672631e-02   5.9432445e-01
  -1.1105699e-02   7.9302038e-01
  -9.7446156e-03   9.9995252e-01
   1.7189145e-03  -9.9999852e-01
   3.3805858e-02  -4.8850911e-01
   3.4097181e-02  -2.9093817e-01
   3.4897047e-02  -6.8931544e-01
   3.5125856e-02  -9.3489770e-02
   3.6578576e-02   1.0463807e-01
   3.9577984e-02   3.0274589e-01
   4.0945926e-02   8.9541471e-01
   4.2788691e-02  -8.9537490e-01
   4.3991954e-02   4.9833013e-01
   4.4514156e-02   6.9298295e-01
   8.8836919e-02  -5.8576962e-01
   8.9557559e-02  -3.8839326e-01
   9.0305978e-02  -1.9171890e-01
   9.0970696e-02  -7.8831443e-01
   9.1311720e-02   6.0705394e-03
   9.3324878e-02   2.0435777e-01
   9.7898863e-02   9.9519637e-01
   9.8170012e-02   7.9074261e-01
   9.8177850e-02   4.0284358e-01
   1.0189152e-01   5.9665776e-01
   1.1146209e-01  -9.9376869e-01
   1.4336050e-01  -6.8164266e-01
   1.4511955e-01  -4.8489473e-01
   1.4557148e-01  -2.8979386e-01
   1.4579980e-01   8.8728416e-01
   1.4619536e-01  -9.2428701e-02
   1.4744694e-01   1.0568614e-01
   1.4804794e-01  -8.8560833e-01
   1.5033029e-01   3.0470388e-01
   1.5788063e-01   5.0353446e-01
   1.5825875e-01   6.9327914e-01
   1.9792457e-01  -7.7507122e-01
   2.0014636e-01  -5.7954073e-01
   2.0148872e-01  -1.9075508e-01
   2.0190808e-01  -3.8747298e-01
   2.0220230e-01   6.7787614e-03
   2.0375575e-01   2.0589144e-01
   2.0450042e-01   9.7886647e-01
   2.0905904e-01   4.0573675e-01
   2.1130437e-01   7.8635322e-01
   2.1800586e-01   6.0475959e-01
   2.2155251e-01  -9.7514844e-01
   2.5139972e-01  -8.6603240e-01
   2.5323483e-01   8.7498861e-01
   2.5450892e-01  -6.7144550e-01
   2.5677588e-01  -2.8885073e-01
   2.5717305e-01  -9.2033257e-02
   2.5766620e-01   1.0641421e-01
   2.5910820e-01  -4.8417157e-01
   2.5997280e-01   3.0709050e-01
   2.6928712e-01   5.0678830e-01
   2.7815498e-01   7.0748461e-01
   3.0840956e-01  -7.5954396e-01
   3.1142166e-01   9.5027183e-01
   3.1278129e-01   7.1008089e-03
   3.1280319e-01  -1.9082715e-01
   3.1319301e-01   2.0669989e-01
   3.1410254e-01  -3.8622039e-01
   3.1630101e-01  -5.7980966e-01
   3.1918488e-01   4.0926761e-01
   3.2914891e-01   6.0721766e-01
   3.3055611e-01  -9.4378634e-01
   3.3545066e-01   8.1502985e-01
   3.5731847e-01  -8.4361451e-01
   3.6736660e-01   1.0680758e-01
   3.6767070e-01   3.0789705e-01
   3.6771266e-01  -9.2224375e-02
   3.6818877e-01  -2.8983234e-01
   3.7256979e-01  -4.8131835e-01
   3.7382201e-01  -6.7549718e-01
   3.8120011e-01   5.1161995e-01
   3.8680637e-01   7.0629787e-01
   4.0237049e-01   9.1547692e-01
   4.2230503e-01   2.0727078e-01
   4.2299264e-01   7.0041817e-03
   4.2365358e-01  -1.9196866e-01
   4.2693008e-01   4.0915846e-01
   4.2810073e-01  -3.8841057e-01
   4.2908007e-01  -5.7314948e-01
   4.3251846e-01  -7.7361924e-01
   4.4164349e-01  -8.9719063e-01
   4.4187698e-01   7.9508659e-01
   4.4330935e-01   6.1424370e-01
   4.7469202e-01   3.0840627e-01
   4.7640585e-01   1.0712001e-01
   4.7740110e-01  -9.3416808e-02
   4.7822391e-01  -2.9207049e-01
   4.8205525e-01  -6.6199073e-01
   4.8972087e-01   5.0749572e-01
   4.9095376e-01  -4.8471556e-01
   4.9225503e-01   8.7045102e-01
   5.0870455e-01   7.1552131e-01
   5.3143110e-01   2.0693070e-01
   5.3253597e-01   6.0806667e-03
   5.3271057e-01  -7.4520944e-01
   5.3406597e-01  -1.9309713e-01
   5.3441447e-01  -8.4522256e-01
   5.3631554e-01   4.0969240e-01
   5.4106703e-01  -3.9312078e-01
   5.4961532e-01   5.9868210e-01
   5.5050564e-01  -5.7743352e-01
   5.7453656e-01   8.1847892e-01
   5.7954316e-01   3.0801949e-01
   5.8457375e-01   1.0286009e-01
   5.8482617e-01  -2.9420050e-01
   5.8645929e-01  -9.1487935e-02
   6.0559365e-01   6.8024536e-01
   6.0584366e-01  -6.6647684e-01
   6.0670431e-01   5.0595632e-01
   6.1063311e-01  -4.9291385e-01
   6.3220705e-01  -7.7479948e-01
   6.3862775e-01   1.9626677e-01
   6.4273932e-01  -1.8563907e-01
   6.4452828e-01   4.0938405e-01
   6.4546405e-01   5.1658327e-03
   6.4923942e-01  -3.9831632e-01
   6.5167936e-01   7.5849457e-01
   6.7342313e-01   5.9377555e-01
   6.7473597e-01   2.9150737e-01
   6.7556295e-01  -5.8879583e-01
   6.8189243e-01  -2.8232130e-01
   6.9629844e-01   9.4717140e-02
   6.9861695e-01  -8.4705371e-02
   7.1563928e-01  -6.9847006e-01
   7.2703759e-01   5.0353011e-01
   7.2774470e-01  -4.9964664e-01
   7.2804482e-01   6.8552953e-01
   7.3703871e-01   3.8042406e-01
   7.4218829e-01  -3.7410487e-01
   7.4908439e-01   1.8708994e-01
   7.5358695e-01  -1.7696618e-01
   7.6779470e-01   5.0430349e-03
   7.7474948e-01   2.7808385e-01
   7.8119216e-01  -2.6843209e-01
   7.8879172e-01  -6.1466057e-01
   7.9610653e-01   6.0515650e-01
   8.0914631e-01   4.3558357e-01
   8.0998475e-01  -4.3604998e-01
   8.1004594e-01   1.0225782e-01
   8.1296144e-01  -9.1628229e-02
   8.4899848e-01  -5.2839530e-01
   8.5232353e-01   3.2982029e-01
   8.5353235e-01  -3.2694346e-01
   8.5413990e-01   5.2004330e-01
   8.6701929e-01   2.1472213e-01
   8.7145494e-01  -2.0641593e-01
   8.8762311e-01   7.7682757e-03
   9.0558925e-01   1.1502417e-01
   9.0622468e-01  -1.0166384e-01
   9.0699637e-01  -4.2113843e-01
   9.1043737e-01   4.1364693e-01
   9.4997455e-01  -3.1232733e-01
   9.5302383e-01   3.0289533e-01
   9.7681985e-01  -2.1406304e-01
   9.8007773e-01   1.9861429e-01
   9.9322879e-01  -1.1617474e-01
   9.9637289e-01   8.5094413e-02
   9.9988872e-01  -1.4918316e-02
