  -9.9757337e-01   6.9623109e-02
  -9.8922344e-01  -1.4641374e-01
  -9.6107468e-01   2.7628873e-01
  -9.3457521e-01  -3.5576563e-01
  -8.6952646e-01   4.9388636e-01
  -8.3255027e-01  -5.5394950e-01
  -7.9544757e-01  -1.1640672e-01
  -7.5162265e-01   2.9117222e-01
  -7.2998578e-01   6.8346233e-01
  -7.2842874e-01   9.4092058e-02
  -7.0191538e-01  -3.2802361e-01
  -6.8757035e-01  -7.2611777e-01
  -6.3448069e-01   4.9736620e-01
  -5.7853295e-01  -5.1886522e-01
  -5.7270617e-01   8.1976073e-01
  -5.7078038e-01  -1.0609694e-01
  -5.3314474e-01   3.0293836e-01
  -5.1057838e-01  -8.5983122e-01
  -4.6746054e-01   1.0479958e-01
  -4.5599369e-01  -3.0971178e-01
  -4.5277894e-01   5.7634114e-01
  -4.1950187e-01  -6.8963173e-01
  -3.8639041e-01   9.2233533e-01
  -3.3220657e-01  -9.5260557e-02
  -3.2838367e-01   3.4687485e-01
  -3.1984909e-01  -5.0454337e-01
  -3.1236727e-01  -9.4996141e-01
  -3.0827590e-01   7.4063305e-01
  -2.2579854e-01   1.2789232e-01
  -2.1013150e-01  -3.0269367e-01
  -2.0159938e-01  -7.4894075e-01
  -1.9943808e-01   5.4232171e-01
  -1.8225335e-01   9.8325160e-01
  -9.8534409e-02  -8.5103970e-02
  -9.3813027e-02  -5.3356593e-01
  -9.2834995e-02  -9.9568151e-01
  -8.6057236e-02   3.3175752e-01
  -7.8872507e-02   7.6793571e-01
   1.6951649e-02  -3.0664412e-01
   1.8483160e-02  -7.6714111e-01
   2.3256363e-02   1.2525232e-01
   3.3541606e-02   9.9943732e-01
   3.5200134e-02   5.4658471e-01
   1.2803026e-01  -5.2698304e-01
   1.3411691e-01  -9.9096552e-01
   1.3499170e-01  -7.9173939e-02
   1.4698054e-01   7.6023529e-01
   1.5605696e-01   3.3021583e-01
   2.3620851e-01  -7.3883850e-01
   2.4285561e-01  -2.8714288e-01
   2.4565290e-01   9.6935785e-01
   2.7185083e-01   5.2642219e-01
   2.7408145e-01   1.3658652e-01
   3.4893187e-01  -4.8655786e-01
   3.4985889e-01  -9.3680241e-01
   3.6892900e-01  -6.9223139e-02
   3.6959635e-01   7.1190979e-01
   4.1659818e-01   3.4556752e-01
   4.3776255e-01   8.9909062e-01
   4.4800302e-01  -6.7090571e-01
   4.8275413e-01  -2.8359028e-01
   5.2126592e-01   1.4995036e-01
   5.3870203e-01   5.5004486e-01
   5.4215007e-01  -8.4028168e-01
   5.9253294e-01  -6.8097750e-02
   6.0230973e-01  -4.9365091e-01
   6.1865544e-01   7.8566243e-01
   6.7855473e-01   3.6508833e-01
   7.1316452e-01  -7.0099669e-01
   7.2000567e-01  -2.9694600e-01
   7.5646577e-01   1.4718346e-01
   7.6914431e-01   6.3907513e-01
   7.9964083e-01  -8.1990591e-02
   8.5048764e-01  -5.2599503e-01
   8.7952842e-01   4.7584636e-01
   9.4418599e-01  -3.2941283e-01
   9.5599387e-01   2.9338663e-01
   9.9167570e-01  -1.2876062e-01
   9.9625977e-01   8.6408796e-02
