  -9.9999979e-01   6.5529941e-04
  -9.9863763e-01  -5.2181218e-02
  -9.9840946e-01   5.6378662e-02
  -9.9389501e-01  -1.1032998e-01
  -9.9370665e-01   1.1201379e-01
  -9.8639506e-01  -1.6439220e-01
  -9.8562004e-01   1.6897674e-01
  -9.7684286e-01  -2.1395802e-01
  -9.7514055e-01   2.2158722e-01
  -9.6286209e-01  -2.6999368e-01
  -9.6120946e-01   2.7581947e-01
  -9.5641670e-01  -7.8568326e-02
  -9.5274975e-01   2.7641880e-02
  -9.4985067e-01   7.8235056e-02
  -9.4762394e-01  -2.8874433e-02
  -9.4659811e-01  -3.2241590e-01
  -9.4652710e-01   1.3584160e-01
  -9.4374036e-01  -1.3165725e-01
  -9.4354412e-01   3.3124687e-01
  -9.3129914e-01  -2.3012903e-01
  -9.3004826e-01   1.8618759e-01
  -9.2769850e-01  -3.7333029e-01
  -9.2640603e-01  -1.8010877e-01
  -9.2404613e-01   2.3466640e-01
  -9.2336467e-01   3.8392405e-01
  -9.1183921e-01  -8.2857313e-02
  -9.1171416e-01   2.9067215e-01
  -9.1109621e-01  -2.8012336e-01
  -9.0961630e-01   7.0372150e-03
  -9.0773518e-01   1.0403377e-01
  -9.0671612e-01  -4.2174148e-01
  -9.0055101e-01   4.3475037e-01
  -8.9550849e-01   5.5018814e-02
  -8.9240226e-01  -3.2911690e-01
  -8.9157762e-01  -1.3353727e-01
  -8.9058581e-01   1.5220259e-01
  -8.9039444e-01   3.4120714e-01
  -8.8977803e-01  -3.8868876e-02
  -8.8537461e-01  -2.2722714e-01
  -8.8027038e-01  -4.7447240e-01
  -8.7913184e-01   2.4974162e-01
  -8.7512508e-01   4.8389678e-01
  -8.7144839e-01   2.0034154e-01
  -8.6917012e-01  -3.7576388e-01
  -8.6855876e-01   3.9011077e-01
  -8.6807410e-01  -1.7979790e-01
  -8.6156915e-01  -2.7717043e-01
  -8.6007963e-01  -8.6648574e-02
  -8.5940431e-01   1.0318485e-01
  -8.5928229e-01   9.6196110e-03
  -8.5800410e-01   2.9742518e-01
  -8.5727839e-01  -4.3184698e-01
  -8.5027078e-01  -5.2634552e-01
  -8.4717961e-01   5.3130661e-01
  -8.4485274e-01   4.3772583e-01
  -8.3962786e-01  -3.2449097e-01
  -8.3796274e-01   1.5312469e-01
  -8.3796266e-01   5.6793581e-02
  -8.3665370e-01  -1.3386845e-01
  -8.3601962e-01   3.4474516e-01
  -8.3523813e-01  -3.8254454e-02
  -8.3465202e-01  -2.2723192e-01
  -8.3213224e-01  -4.8314009e-01
  -8.3143531e-01   2.4601116e-01
  -8.2257574e-01  -4.0425187e-01
  -8.2220497e-01  -5.6919152e-01
  -8.1892255e-01   4.8398454e-01
  -8.1684502e-01   5.7685718e-01
  -8.1328166e-01   3.9162983e-01
  -8.1317625e-01   1.9887924e-01
  -8.1126432e-01  -1.7993317e-01
  -8.0918767e-01  -2.7509197e-01
  -8.0801582e-01  -3.6192758e-01
  -8.0779379e-01   1.0518015e-01
  -8.0728907e-01  -8.5617463e-02
  -8.0682423e-01   9.8925167e-03
  -8.0668370e-01   2.9516521e-01
  -8.0060365e-01  -4.5382943e-01
  -7.9155054e-01  -5.1532899e-01
  -7.9076768e-01   5.2872510e-01
  -7.9040298e-01  -6.1258724e-01
  -7.8866619e-01   4.3766126e-01
  -7.8425884e-01   6.2043377e-01
  -7.8304462e-01   1.5259336e-01
  -7.8291317e-01   3.4321645e-01
  -7.8259711e-01   5.7733813e-02
  -7.8208622e-01  -1.3270858e-01
  -7.8144117e-01  -2.2656826e-01
  -7.8126392e-01  -3.1806891e-01
  -7.8095491e-01  -3.7575752e-02
  -7.8003470e-01   2.4626295e-01
  -7.7217697e-01  -4.1067592e-01
  -7.6650111e-01  -5.6114133e-01
  -7.6188788e-01   4.8262139e-01
  -7.6053574e-01   5.7178472e-01
  -7.5858361e-01   3.9015882e-01
  -7.5677980e-01   1.9911468e-01
  -7.5603732e-01  -6.5452851e-01
  -7.5566144e-01  -1.7906445e-01
  -7.5487932e-01  -4.6690430e-01
  -7.5426373e-01   1.0511016e-01
  -7.5406530e-01   2.9470315e-01
  -7.5367019e-01  -8.4822094e-02
  -7.5357724e-01  -2.7197647e-01
  -7.5350443e-01   1.0434783e-02
  -7.5246067e-01  -3.6469666e-01
  -7.4950215e-01   6.6200191e-01
  -7.3540272e-01  -5.1365518e-01
  -7.3496759e-01  -6.0349762e-01
  -7.3292807e-01   5.2642958e-01
  -7.3265441e-01   4.3595462e-01
  -7.2906737e-01   3.4227269e-01
  -7.2848915e-01   6.1309664e-01
  -7.2821997e-01   1.5235300e-01
  -7.2766948e-01   5.7843430e-02
  -7.2746517e-01  -1.3174847e-01
  -7.2702355e-01   2.4651545e-01
  -7.2680112e-01  -3.6984901e-02
  -7.2664017e-01  -2.2497130e-01
  -7.2598756e-01  -3.1873867e-01
  -7.2422798e-01  -4.1683558e-01
  -7.1927543e-01  -6.9472503e-01
  -7.1244819e-01   7.0172472e-01
  -7.0804439e-01  -5.5701849e-01
  -7.0481933e-01   4.8068460e-01
  -7.0347026e-01   3.8883030e-01
  -7.0228778e-01  -4.6488811e-01
  -7.0190725e-01   5.6921799e-01
  -7.0145158e-01   1.9924716e-01
  -7.0132111e-01  -6.4393649e-01
  -7.0058232e-01   2.9427286e-01
  -7.0025853e-01  -1.7801284e-01
  -7.0012371e-01   1.0508600e-01
  -6.9961226e-01  -8.4144601e-02
  -6.9955372e-01   1.0590331e-02
  -6.9951170e-01  -3.6773118e-01
  -6.9898922e-01  -2.7190720e-01
  -6.9501052e-01   6.5293636e-01
  -6.7996782e-01  -7.3324195e-01
  -6.7861860e-01  -5.1021017e-01
  -6.7645869e-01   4.3442624e-01
  -6.7627792e-01  -5.9868129e-01
  -6.7509118e-01   5.2461445e-01
  -6.7465777e-01   3.4136775e-01
  -6.7352741e-01   1.5224370e-01
  -6.7323178e-01   2.4649636e-01
  -6.7300925e-01   5.7872197e-02
  -6.7271036e-01  -1.3093594e-01
  -6.7249666e-01  -3.6654751e-02
  -6.7227792e-01  -4.1556495e-01
  -6.7227642e-01  -3.1985601e-01
  -6.7214006e-01  -2.2478797e-01
  -6.7151334e-01   7.4099246e-01
  -6.6916137e-01   6.1162788e-01
  -6.6607882e-01  -6.8296727e-01
  -6.6167936e-01   6.9440295e-01
  -6.4970774e-01  -5.5327240e-01
  -6.4808055e-01   3.8767621e-01
  -6.4800427e-01  -4.6235603e-01
  -6.4784576e-01   4.7933747e-01
  -6.4657959e-01   1.9922494e-01
  -6.4649582e-01   2.9378017e-01
  -6.4576552e-01   1.0503503e-01
  -6.4557736e-01  -3.6715687e-01
  -6.4541086e-01  -1.7771407e-01
  -6.4531249e-01   1.0688513e-02
  -6.4522551e-01  -8.3677546e-02
  -6.4499339e-01  -2.7225428e-01
  -6.4380511e-01   5.6851528e-01
  -6.4238600e-01  -6.4010396e-01
  -6.3654856e-01  -7.7123663e-01
  -6.3650207e-01   6.5679220e-01
  -6.3371848e-01   7.7356376e-01
  -6.3043944e-01  -7.2346850e-01
  -6.2165115e-01  -5.0713117e-01
  -6.2032356e-01   4.3338468e-01
  -6.1988331e-01   3.4057110e-01
  -6.1900953e-01   2.4630346e-01
  -6.1891618e-01   1.5211757e-01
  -6.1873662e-01  -4.1418074e-01
  -6.1845258e-01   5.7864184e-02
  -6.1812050e-01  -3.1944113e-01
  -6.1809922e-01  -1.3063293e-01
  -6.1807078e-01  -3.6434116e-02
  -6.1797845e-01  -5.9599090e-01
  -6.1790160e-01   5.2429381e-01
  -6.1788828e-01  -2.2484855e-01
  -6.1694261e-01   7.1617973e-01
  -6.1255238e-01   6.1503736e-01
  -6.0798535e-01  -6.8450144e-01
  -5.9630447e-01  -8.0275836e-01
  -5.9269159e-01  -4.6022582e-01
  -5.9265466e-01   3.8687889e-01
  -5.9212100e-01  -5.5096413e-01
  -5.9203707e-01   2.9329716e-01
  -5.9188509e-01   1.9908101e-01
  -5.9147932e-01   4.7909069e-01
  -5.9131661e-01   1.0494876e-01
  -5.9127933e-01  -3.6636923e-01
  -5.9092421e-01   1.0739421e-02
  -5.9086449e-01  -1.7764096e-01
  -5.9078407e-01  -8.3486713e-02
  -5.9074274e-01  -2.7195970e-01
  -5.8974500e-01   8.0758952e-01
  -5.8789116e-01   5.7126573e-01
  -5.8749783e-01   6.7007471e-01
  -5.8588951e-01  -6.4149336e-01
  -5.8576700e-01   7.5764868e-01
  -5.8484307e-01  -7.4376683e-01
  -5.6498415e-01  -5.0523757e-01
  -5.6497780e-01   3.3999136e-01
  -5.6463600e-01   4.3310844e-01
  -5.6455566e-01   2.4603277e-01
  -5.6434049e-01   1.5195828e-01
  -5.6422661e-01  -4.1289707e-01
  -5.6393067e-01   5.7818752e-02
  -5.6373845e-01  -3.1891300e-01
  -5.6362266e-01  -3.6359539e-02
  -5.6359805e-01  -1.3052184e-01
  -5.6351265e-01  -2.2465612e-01
  -5.6244313e-01   5.2616562e-01
  -5.6182698e-01  -5.9648878e-01
  -5.6095402e-01   6.2317974e-01
  -5.5918443e-01   7.1730109e-01
  -5.5887718e-01  -6.9565235e-01
  -5.5054177e-01  -7.8470437e-01
  -5.4930590e-01  -8.3562134e-01
  -5.4927448e-01   8.3564199e-01
  -5.3841962e-01   7.7496526e-01
  -5.3748962e-01   3.8657288e-01
  -5.3741795e-01   2.9290454e-01
  -5.3725660e-01   1.9887891e-01
  -5.3711573e-01  -4.5883780e-01
  -5.3682887e-01   1.0482998e-01
  -5.3665656e-01  -3.6560052e-01
  -5.3648910e-01   1.0716932e-02
  -5.3635487e-01   4.8016730e-01
  -5.3635229e-01  -1.7750361e-01
  -5.3634237e-01  -8.3422647e-02
  -5.3632992e-01  -2.7162126e-01
  -5.3604178e-01  -5.5087939e-01
  -5.3494837e-01   5.7611238e-01
  -5.3411797e-01  -6.4659312e-01
  -5.3311321e-01   6.7217023e-01
  -5.2850135e-01  -7.4243772e-01
  -5.1017389e-01   3.3969786e-01
  -5.1000863e-01   2.4577031e-01
  -5.0978450e-01   1.5177928e-01
  -5.0976327e-01   4.3359317e-01
  -5.0943319e-01   5.7728401e-02
  -5.0931133e-01  -4.1200898e-01
  -5.0923502e-01  -5.0482609e-01
  -5.0917561e-01  -3.6362075e-02
  -5.0916683e-01  -3.1842989e-01
  -5.0910797e-01  -1.3043110e-01
  -5.0905120e-01  -2.2445428e-01
  -5.0899643e-01   7.2571453e-01
  -5.0881421e-01   5.2888248e-01
  -5.0810925e-01  -5.9892385e-01
  -5.0739319e-01   6.2521100e-01
  -5.0576223e-01  -8.6267292e-01
  -5.0553358e-01  -6.9338241e-01
  -5.0410790e-01   8.1374408e-01
  -5.0244653e-01  -8.0000101e-01
  -5.0205514e-01   8.6483561e-01
  -4.8281402e-01   2.9265545e-01
  -4.8280180e-01   3.8669490e-01
  -4.8267064e-01   1.9867219e-01
  -4.8235979e-01   4.8153349e-01
  -4.8233590e-01   1.0468596e-01
  -4.8204339e-01   1.0650996e-02
  -4.8188759e-01  -8.3394309e-02
  -4.8187544e-01  -3.6506180e-01
  -4.8187481e-01  -4.5837564e-01
  -4.8184143e-01  -1.7738704e-01
  -4.8179877e-01  -2.7133238e-01
  -4.8158496e-01   6.7632168e-01
  -4.8146404e-01   5.7752514e-01
  -4.8143441e-01  -5.5194988e-01
  -4.8002228e-01   7.7119025e-01
  -4.7989171e-01  -7.4336083e-01
  -4.7986427e-01  -6.4571263e-01
  -4.6358823e-01  -8.3815305e-01
  -4.5860631e-01   8.8863955e-01
  -4.5561433e-01   3.3963759e-01
  -4.5555813e-01   4.3417251e-01
  -4.5547272e-01   2.4556642e-01
  -4.5525619e-01   1.5159957e-01
  -4.5515877e-01   5.2960955e-01
  -4.5501317e-01   6.2705146e-01
  -4.5495672e-01   5.7613550e-02
  -4.5487496e-01   8.2668091e-01
  -4.5476804e-01  -8.9060992e-01
  -4.5472679e-01  -3.6394657e-02
  -4.5462087e-01  -1.3037770e-01
  -4.5453373e-01  -2.2429758e-01
  -4.5450624e-01  -3.1810704e-01
  -4.5443371e-01  -4.1166659e-01
  -4.5436088e-01  -5.0518846e-01
  -4.5434622e-01   7.2399388e-01
  -4.5340691e-01  -5.9869642e-01
  -4.5283886e-01  -6.9363973e-01
  -4.5126591e-01  -7.8343204e-01
  -4.2856056e-01   7.7515822e-01
  -4.2848568e-01   3.8685520e-01
  -4.2847125e-01   5.7805229e-01
  -4.2845368e-01   4.8179205e-01
  -4.2832423e-01   2.9252516e-01
  -4.2820911e-01   6.7506801e-01
  -4.2814024e-01   1.9849199e-01
  -4.2785798e-01   1.0453635e-01
  -4.2759907e-01   1.0566733e-02
  -4.2743111e-01  -8.3400034e-02
  -4.2732953e-01  -1.7731557e-01
  -4.2721895e-01  -2.7115638e-01
  -4.2713025e-01  -3.6484853e-01
  -4.2704876e-01  -4.5845638e-01
  -4.2657642e-01  -5.5188299e-01
  -4.2576283e-01  -6.4592126e-01
  -4.2393208e-01  -7.3718856e-01
  -4.1703994e-01  -8.2013375e-01
  -4.1686345e-01   8.6212145e-01
  -4.0967324e-01  -8.6697091e-01
  -4.0795004e-01   9.1300425e-01
  -4.0213784e-01   7.2409344e-01
  -4.0178985e-01   6.2573143e-01
  -4.0164142e-01   5.2955897e-01
  -4.0144096e-01   4.3416711e-01
  -4.0133721e-01  -9.1593037e-01
  -4.0124655e-01   3.3959996e-01
  -4.0100434e-01   2.4541800e-01
  -4.0076891e-01   1.5143634e-01
  -4.0050225e-01   5.7492545e-02
  -4.0028532e-01  -3.6451140e-02
  -4.0014239e-01  -1.3036669e-01
  -4.0000273e-01  -2.2422119e-01
  -3.9986828e-01  -3.1799164e-01
  -3.9972444e-01  -4.1167777e-01
  -3.9947917e-01  -5.0518532e-01
  -3.9882994e-01  -5.9877206e-01
  -3.9702264e-01  -6.9122433e-01
  -3.9667842e-01   8.1805688e-01
  -3.9227558e-01  -7.7855700e-01
  -3.7552927e-01   6.7346012e-01
  -3.7490721e-01   5.7691106e-01
  -3.7455438e-01   4.8153281e-01
  -3.7422963e-01   3.8672533e-01
  -3.7393158e-01   2.9240906e-01
  -3.7367504e-01   1.9834118e-01
  -3.7360039e-01   7.6949387e-01
  -3.7340864e-01   1.0439507e-01
  -3.7316856e-01   1.0471097e-02
  -3.7298546e-01  -8.3438197e-02
  -3.7283301e-01  -1.7730445e-01
  -3.7265937e-01  -2.7111602e-01
  -3.7248862e-01  -3.6486435e-01
  -3.7226251e-01  -4.5848490e-01
  -3.7178649e-01  -5.5198360e-01
  -3.7044856e-01  -6.4478118e-01
  -3.6655035e-01  -7.3571476e-01
  -3.6634899e-01   8.7112846e-01
  -3.6603778e-01  -8.2952230e-01
  -3.6106992e-01   9.3253875e-01
  -3.5706989e-01  -8.8012839e-01
  -3.5107744e-01  -9.3634643e-01
  -3.4840660e-01   7.1923226e-01
  -3.4838275e-01   6.2406521e-01
  -3.4773209e-01   5.2866280e-01
  -3.4729651e-01   4.3386267e-01
  -3.4691413e-01   3.3942688e-01
  -3.4659665e-01   2.4527856e-01
  -3.4632932e-01   1.5129202e-01
  -3.4607609e-01   5.7372261e-02
  -3.4586169e-01  -3.6527647e-02
  -3.4568573e-01  -1.3040111e-01
  -3.4549858e-01  -2.2423482e-01
  -3.4529797e-01  -3.1803041e-01
  -3.4505093e-01  -4.1173914e-01
  -3.4484643e-01   8.1821036e-01
  -3.4467691e-01  -5.0530683e-01
  -3.4367502e-01  -5.9839112e-01
  -3.4115249e-01  -6.9046637e-01
  -3.3874402e-01  -7.8583601e-01
  -3.2353115e-01   9.0292979e-01
  -3.2147805e-01   6.7012478e-01
  -3.2116378e-01   7.6539817e-01
  -3.2099755e-01   5.7557860e-01
  -3.2039914e-01   4.8085989e-01
  -3.1994694e-01   3.8643988e-01
  -3.1956275e-01   2.9223337e-01
  -3.1926272e-01   1.9819909e-01
  -3.1899556e-01   1.0426367e-01
  -3.1876218e-01   1.0367832e-02
  -3.1856342e-01  -8.3507054e-02
  -3.1837133e-01  -1.7735494e-01
  -3.1815147e-01  -2.7117952e-01
  -3.1789549e-01  -3.6495483e-01
  -3.1754403e-01  -4.5862289e-01
  -3.1678974e-01  -5.5195871e-01
  -3.1503502e-01  -6.4471062e-01
  -3.1488857e-01  -8.3901281e-01
  -3.1310443e-01  -7.3905850e-01
  -3.1249575e-01  -9.0158155e-01
  -3.0981575e-01   8.5882007e-01
  -3.0633619e-01   9.5192339e-01
  -2.9776823e-01  -9.5463819e-01
  -2.9436909e-01   7.1588724e-01
  -2.9405342e-01   6.2185640e-01
  -2.9352420e-01   5.2768549e-01
  -2.9299522e-01   4.3336569e-01
  -2.9256541e-01   3.3918080e-01
  -2.9221399e-01   2.4511541e-01
  -2.9193212e-01   1.5115586e-01
  -2.9168317e-01   5.7253742e-02
  -2.9146550e-01  -3.6621363e-02
  -2.9126374e-01  -1.3047745e-01
  -2.9118871e-01   8.0729973e-01
  -2.9104075e-01  -2.2431854e-01
  -2.9077809e-01  -3.1813898e-01
  -2.9043182e-01  -4.1189643e-01
  -2.8983770e-01  -5.0543706e-01
  -2.8856347e-01  -5.9862371e-01
  -2.8725979e-01  -7.8894491e-01
  -2.8695873e-01  -6.9254008e-01
  -2.7650647e-01  -8.7198161e-01
  -2.7214695e-01   9.1038823e-01
  -2.6687394e-01   6.6774664e-01
  -2.6650776e-01   5.7412614e-01
  -2.6603359e-01   4.8016733e-01
  -2.6558661e-01   7.5942816e-01
  -2.6557500e-01   3.8607336e-01
  -2.6519073e-01   2.9202782e-01
  -2.6488168e-01   1.9805042e-01
  -2.6461835e-01   1.0413686e-01
  -2.6438678e-01   1.0258139e-02
  -2.6417471e-01  -8.3602216e-02
  -2.6395424e-01  -1.7745291e-01
  -2.6369234e-01  -2.7129913e-01
  -2.6336036e-01  -3.6512046e-01
  -2.6284963e-01  -4.5882558e-01
  -2.6189755e-01  -5.5229673e-01
  -2.6130165e-01   8.5197865e-01
  -2.6055023e-01  -6.4610377e-01
  -2.5985211e-01  -7.4109620e-01
  -2.5842465e-01  -9.2159708e-01
  -2.5573690e-01  -8.2944490e-01
  -2.5429958e-01   9.6712550e-01
  -2.4172053e-01  -9.7034591e-01
  -2.3927096e-01   6.2024067e-01
  -2.3896323e-01   5.2673152e-01
  -2.3868255e-01   7.1241305e-01
  -2.3856208e-01   4.3288111e-01
  -2.3817207e-01   3.3890781e-01
  -2.3784175e-01   2.4494317e-01
  -2.3756673e-01   1.5101989e-01
  -2.3732421e-01   5.7134692e-02
  -2.3710276e-01  -3.6729264e-02
  -2.3688248e-01  -1.3058520e-01
  -2.3662968e-01  -2.2444394e-01
  -2.3634849e-01   8.0364681e-01
  -2.3631420e-01  -3.1830461e-01
  -2.3586261e-01  -4.1211942e-01
  -2.3511001e-01  -5.0581444e-01
  -2.3400268e-01  -5.9961295e-01
  -2.3296708e-01  -6.9405331e-01
  -2.3021559e-01  -7.8564691e-01
  -2.2843158e-01   8.8799874e-01
  -2.2532377e-01  -8.7988019e-01
  -2.1644319e-01   9.3462648e-01
  -2.1170315e-01   5.7305605e-01
  -2.1146084e-01   4.7954192e-01
  -2.1138880e-01   6.6565471e-01
  -2.1112966e-01   3.8573368e-01
  -2.1080388e-01   2.9181946e-01
  -2.1052201e-01   1.9790185e-01
  -2.1027249e-01   1.0401065e-01
  -2.1004453e-01   1.0142373e-02
  -2.0982310e-01  -8.3716588e-02
  -2.0981013e-01   7.5709289e-01
  -2.0958135e-01  -1.7758043e-01
  -2.0928509e-01  -2.7146017e-01
  -2.0888429e-01  -3.6534020e-01
  -2.0826709e-01  -4.5918298e-01
  -2.0733920e-01  -5.5308786e-01
  -2.0628983e-01  -6.4724787e-01
  -2.0435537e-01  -9.3128403e-01
  -2.0427007e-01  -7.4042725e-01
  -2.0407579e-01   8.4428202e-01
  -2.0184002e-01  -8.3487307e-01
  -1.9597816e-01   9.8060826e-01
  -1.8680663e-01  -9.8239670e-01
  -1.8420246e-01   5.2603999e-01
  -1.8401544e-01   4.3247107e-01
  -1.8400961e-01   6.1896995e-01
  -1.8374576e-01   3.3866508e-01
  -1.8347477e-01   2.4477699e-01
  -1.8322738e-01   1.5088673e-01
  -1.8299677e-01   5.7013897e-02
  -1.8289391e-01   7.1090852e-01
  -1.8277440e-01  -3.6847609e-02
  -1.8254109e-01  -1.3071280e-01
  -1.8226573e-01  -2.2459836e-01
  -1.8190786e-01  -3.1851036e-01
  -1.8139037e-01  -4.1243949e-01
  -1.8062586e-01  -5.0643755e-01
  -1.7961695e-01  -6.0062262e-01
  -1.7911828e-01   8.0028070e-01
  -1.7812394e-01  -6.9430699e-01
  -1.7738826e-01   8.9368415e-01
  -1.7628330e-01  -7.8927051e-01
  -1.7429726e-01  -8.8691604e-01
  -1.5970452e-01   9.4187151e-01
  -1.5677398e-01   4.7910647e-01
  -1.5663941e-01   5.7229756e-01
  -1.5663094e-01   3.8546141e-01
  -1.5641085e-01   2.9163817e-01
  -1.5617995e-01   1.9776125e-01
  -1.5595435e-01   1.0388646e-01
  -1.5582819e-01   6.6472139e-01
  -1.5573363e-01   1.0021974e-02
  -1.5550689e-01  -8.3843225e-02
  -1.5525048e-01  -1.7772773e-01
  -1.5492935e-01  -2.7164926e-01
  -1.5449013e-01  -3.6561890e-01
  -1.5385931e-01  -4.5967691e-01
  -1.5327066e-01   7.5557975e-01
  -1.5298437e-01  -5.5390419e-01
  -1.5168753e-01  -6.4807175e-01
  -1.5130837e-01  -9.3953475e-01
  -1.5061845e-01   8.4841911e-01
  -1.5041099e-01  -7.4259414e-01
  -1.4947341e-01  -8.3996059e-01
  -1.3914312e-01   9.9027228e-01
  -1.3227803e-01  -9.9121265e-01
  -1.2941559e-01   4.3220107e-01
  -1.2931078e-01   5.2560749e-01
  -1.2930378e-01   3.3847625e-01
  -1.2911813e-01   2.4463212e-01
  -1.2891096e-01   1.5076050e-01
  -1.2870384e-01   6.1843824e-01
  -1.2869744e-01   5.6893035e-02
  -1.2847728e-01  -3.6972562e-02
  -1.2823608e-01  -1.3085335e-01
  -1.2794610e-01  -2.2477184e-01
  -1.2756778e-01  -3.1875139e-01
  -1.2704492e-01  -4.1283209e-01
  -1.2693577e-01   7.1027002e-01
  -1.2631711e-01  -5.0708446e-01
  -1.2526764e-01   8.9814451e-01
  -1.2525631e-01  -6.0146750e-01
  -1.2464283e-01   8.0300626e-01
  -1.2398638e-01  -6.9630503e-01
  -1.2362216e-01  -8.9180530e-01
  -1.2359922e-01  -7.9171642e-01
  -1.0504518e-01   9.4764178e-01
  -1.0211985e-01   3.8528911e-01
  -1.0203599e-01   4.7887525e-01
  -1.0202404e-01   2.9149636e-01
  -1.0185682e-01   1.9763656e-01
  -1.0166063e-01   1.0376687e-01
  -1.0156561e-01   5.7204473e-01
  -1.0145003e-01   9.8994867e-03
  -1.0122161e-01  -8.3977619e-02
  -1.0095691e-01  -1.7788769e-01
  -1.0062569e-01  -2.7185968e-01
  -1.0029852e-01   6.6453322e-01
  -1.0018778e-01  -3.6593465e-01
  -9.9591460e-02  -4.6017968e-01
  -9.8744218e-02  -5.5463921e-01
  -9.8449529e-02   7.5736626e-01
  -9.8301193e-02  -9.4264823e-01
  -9.7915755e-02  -8.4060367e-01
  -9.7672182e-02  -6.4955123e-01
  -9.7600795e-02   8.5202033e-01
  -9.6730605e-02  -7.4525209e-01
  -8.2941660e-02   9.9655440e-01
  -7.9384776e-02  -9.9684405e-01
  -7.4873093e-02   3.3835519e-01
  -7.4814948e-02   4.3207970e-01
  -7.4778453e-02   2.4451544e-01
  -7.4616358e-02   1.5064543e-01
  -7.4443669e-02   5.2553303e-01
  -7.4421975e-02   5.6774282e-02
  -7.4206250e-02  -3.7101191e-02
  -7.3961666e-02  -1.3100187e-01
  -7.3802262e-02  -8.8771353e-01
  -7.3666939e-02  -2.2495835e-01
  -7.3491174e-02   6.1850871e-01
  -7.3293074e-02  -3.1901159e-01
  -7.2950843e-02   9.0182376e-01
  -7.2802769e-02  -4.1322280e-01
  -7.2134596e-02  -5.0766905e-01
  -7.2016161e-02   7.1150716e-01
  -7.1272588e-02  -6.0255343e-01
  -7.0914759e-02   8.0567052e-01
  -7.0385623e-02  -6.9815632e-01
  -6.9878747e-02  -7.9451632e-01
  -5.1183560e-02   9.5119048e-01
  -4.7658627e-02   2.9140064e-01
  -4.7634772e-02   3.8521579e-01
  -4.7554696e-02   1.9753150e-01
  -4.7388317e-02   1.0365436e-01
  -4.7352761e-02   4.7888676e-01
  -4.7188448e-02   9.7769088e-03
  -4.6960873e-02  -8.4116522e-02
  -4.6694444e-02  -1.7805543e-01
  -4.6610187e-02   5.7226080e-01
  -4.6368301e-02  -2.7208026e-01
  -4.5999679e-02  -9.6620463e-01
  -4.5957370e-02  -3.6624558e-01
  -4.5425893e-02  -4.6062936e-01
  -4.5397057e-02   6.6549957e-01
  -4.4754779e-02  -5.5540719e-01
  -4.4731688e-02   8.5469189e-01
  -4.4272504e-02   7.5931226e-01
  -4.4206717e-02  -9.2357489e-01
  -4.4011674e-02  -6.5084493e-01
  -4.3405425e-02  -7.4707709e-01
  -4.3175365e-02  -8.4374100e-01
  -2.7138675e-02   9.9963168e-01
  -2.0476180e-02   3.3830030e-01
  -2.0463058e-02   2.4442998e-01
  -2.0342470e-02   1.5054347e-01
  -2.0307494e-02   9.0375157e-01
  -2.0283839e-02   4.3210787e-01
  -2.0165681e-02   5.6659219e-02
  -1.9954747e-02  -3.7231476e-02
  -1.9715065e-02   5.2578578e-01
  -1.9710450e-02  -1.3115502e-01
  -1.9420319e-02  -2.2514995e-01
  -1.9066937e-02  -3.1926725e-01
  -1.8690954e-02   6.1935063e-01
  -1.8631190e-02  -4.1357427e-01
  -1.8108317e-02  -5.0820683e-01
  -1.7561529e-02   7.1306030e-01
  -1.7532445e-02  -6.0340615e-01
  -1.7370854e-02   8.0761019e-01
  -1.6998929e-02  -6.9940690e-01
  -1.6610529e-02  -7.9610949e-01
  -1.5875153e-02  -9.9987398e-01
  -1.2840622e-02  -8.8986692e-01
   2.2576597e-03   9.5224851e-01
   6.6734101e-03   2.9134908e-01
   6.7244149e-03   1.9744728e-01
   6.7864136e-03   3.8523647e-01
   6.8660324e-03   1.0354981e-01
   7.0572942e-03   9.6554698e-03
   7.1892074e-03   4.7908921e-01
   7.2830452e-03  -8.4257904e-02
   7.5460520e-03  -1.7822609e-01
   7.8570203e-03  -2.7229632e-01
   7.9922728e-03  -9.4720742e-01
   8.0196503e-03   5.7296435e-01
   8.2275842e-03  -3.6652994e-01
   8.4202606e-03   8.5591003e-01
   8.6523637e-03  -4.6102345e-01
   9.0921112e-03  -5.5595687e-01
   9.1511708e-03   6.6689018e-01
   9.4835342e-03  -6.5159935e-01
   9.8004803e-03  -7.4812593e-01
   9.8112758e-03   7.6096651e-01
   1.1346124e-02  -8.4430103e-01
   2.8283296e-02   9.9959995e-01
   3.2817463e-02   9.0372200e-01
   3.3823026e-02   2.4437400e-01
   3.3867574e-02   3.3830503e-01
   3.3912146e-02   1.5045467e-01
   3.4076802e-02   5.6548265e-02
   3.4133952e-02   4.3224991e-01
   3.4284710e-02  -3.7362330e-02
   3.4526869e-02  -1.3131010e-01
   3.4737875e-02   5.2627870e-01
   3.4806974e-02  -2.2533866e-01
   3.5130956e-02  -3.1950310e-01
   3.5494555e-02  -4.1388221e-01
   3.5757175e-02   6.2053366e-01
   3.5854308e-02  -5.0858992e-01
   3.6128526e-02  -6.0382808e-01
   3.6274907e-02  -6.9990156e-01
   3.6494894e-02  -8.9817868e-01
   3.6540854e-02   8.0881489e-01
   3.6811983e-02   7.1479113e-01
   3.6816981e-02  -7.9671884e-01
   3.7018783e-02  -9.9931457e-01
   5.5330988e-02   9.5088583e-01
   6.0890547e-02  -9.4855724e-01
   6.0963569e-02   2.9133635e-01
   6.0979848e-02   1.9738199e-01
   6.1106418e-02   1.0345290e-01
   6.1123026e-02   3.8532506e-01
   6.1294100e-02   9.5352793e-03
   6.1519065e-02  -8.4400364e-02
   6.1536387e-02   4.7941410e-01
   6.1776621e-02  -1.7839558e-01
   6.2068076e-02  -2.7249996e-01
   6.2293199e-02   5.7376682e-01
   6.2310347e-02  -8.4773197e-01
   6.2366709e-02   8.5611164e-01
   6.2388611e-02  -3.6677814e-01
   6.2708937e-02  -4.6132145e-01
   6.2938619e-02  -7.4818521e-01
   6.2939448e-02  -5.5623597e-01
   6.2964602e-02  -6.5174229e-01
   6.3445620e-02   6.6852702e-01
   6.4250780e-02   7.6283188e-01
   8.3345724e-02   9.9652069e-01
   8.6891161e-02   9.0232498e-01
   8.7937975e-02  -8.9696371e-01
   8.8077054e-02   2.4434280e-01
   8.8149980e-02   1.5037759e-01
   8.8150799e-02   3.3835262e-01
   8.8311337e-02   5.6440659e-02
   8.8420740e-02   4.3245265e-01
   8.8520524e-02  -3.7493713e-02
   8.8711568e-02  -7.9733620e-01
   8.8761118e-02  -1.3146486e-01
   8.8941020e-02   5.2679116e-01
   8.9030054e-02  -2.2552083e-01
   8.9321733e-02  -3.1971540e-01
   8.9591506e-02  -6.9959426e-01
   8.9613740e-02  -4.1411870e-01
   8.9796640e-02   6.2160131e-01
   8.9847727e-02  -5.0882518e-01
   8.9877240e-02  -6.0390127e-01
   9.1113952e-02   7.1695302e-01
   9.1421161e-02   8.1067523e-01
   9.1464081e-02  -9.9580838e-01
   1.0819638e-01   9.4764700e-01
   1.1380011e-01  -9.4435182e-01
   1.1415840e-01  -8.4539769e-01
   1.1521017e-01   2.9135050e-01
   1.1521276e-01   1.9733302e-01
   1.1533733e-01   1.0336192e-01
   1.1537520e-01   3.8544785e-01
   1.1552944e-01   9.4151477e-03
   1.1565083e-01  -7.4762386e-01
   1.1572195e-01   4.7972480e-01
   1.1575730e-01  -8.4543522e-02
   1.1600996e-01  -1.7856148e-01
   1.1628260e-01  -2.7269083e-01
   1.1628926e-01   5.7441599e-01
   1.1655831e-01  -3.6698324e-01
   1.1664553e-01  -6.5150763e-01
   1.1678983e-01  -4.6150878e-01
   1.1689183e-01  -5.5635958e-01
   1.1722133e-01   6.6981031e-01
   1.1813515e-01   8.5773027e-01
   1.1889939e-01   7.6588532e-01
   1.3835613e-01   9.9038254e-01
   1.4013119e-01  -8.9212464e-01
   1.4137030e-01  -7.9485218e-01
   1.4230108e-01   2.4433137e-01
   1.4237397e-01   1.5030992e-01
   1.4237817e-01   3.3841926e-01
   1.4254405e-01   5.6333818e-02
   1.4261169e-01   4.3264160e-01
   1.4276190e-01  -3.7626729e-02
   1.4297593e-01   5.2715876e-01
   1.4300404e-01  -1.3161875e-01
   1.4308412e-01  -6.9909647e-01
   1.4326278e-01  -2.2569488e-01
   1.4352815e-01   6.2230020e-01
   1.4352917e-01  -3.1990631e-01
   1.4356336e-01   9.0286386e-01
   1.4376737e-01  -4.1429244e-01
   1.4382851e-01  -6.0389061e-01
   1.4390067e-01  -5.0892318e-01
   1.4458072e-01   7.1844631e-01
   1.4587818e-01  -9.8930256e-01
   1.4708270e-01   8.1555722e-01
   1.6248851e-01   9.4528277e-01
   1.6621020e-01  -9.3750016e-01
   1.6686659e-01  -8.4104159e-01
   1.6930617e-01  -7.4618627e-01
   1.6942105e-01   2.9138350e-01
   1.6942545e-01   1.9729775e-01
   1.6956296e-01   1.0327291e-01
   1.6956891e-01   3.8555595e-01
   1.6977142e-01   9.2921427e-03
   1.6982245e-01   4.7993913e-01
   1.7000857e-01  -8.4687968e-02
   1.7012678e-01   5.7474819e-01
   1.7025898e-01  -1.7872359e-01
   1.7051582e-01  -2.7286748e-01
   1.7060063e-01  -6.5144910e-01
   1.7061214e-01   6.7044362e-01
   1.7076496e-01  -3.6716242e-01
   1.7092905e-01  -5.5633371e-01
   1.7093750e-01  -4.6162429e-01
   1.7194194e-01   7.6761267e-01
   1.7607020e-01   8.6650508e-01
   1.9332451e-01  -8.8567018e-01
   1.9527639e-01   9.8074825e-01
   1.9542774e-01  -7.9255634e-01
   1.9649940e-01   2.4433845e-01
   1.9657442e-01   3.3849179e-01
   1.9658593e-01   1.5024647e-01
   1.9675773e-01   4.3275277e-01
   1.9678132e-01   5.6222624e-02
   1.9696126e-01   5.2732856e-01
   1.9701902e-01  -3.7763833e-02
   1.9711666e-01   6.2246195e-01
   1.9726751e-01  -1.3177159e-01
   1.9729549e-01  -6.9889053e-01
   1.9750907e-01   7.1882136e-01
   1.9751901e-01  -2.2586136e-01
   1.9776675e-01  -3.2007862e-01
   1.9783393e-01  -6.0373333e-01
   1.9798480e-01  -4.1445016e-01
   1.9805469e-01  -5.0895514e-01
   1.9940899e-01   8.1744637e-01
   2.0006867e-01  -9.7978188e-01
   2.0477476e-01   9.2001742e-01
   2.1843376e-01  -9.2882860e-01
   2.2151588e-01  -8.3788631e-01
   2.2360912e-01   2.9143872e-01
   2.2361735e-01   1.9727084e-01
   2.2375435e-01   3.8564318e-01
   2.2378700e-01   1.0317846e-01
   2.2389180e-01   6.7022813e-01
   2.2390738e-01   4.7998285e-01
   2.2397863e-01   5.7478330e-01
   2.2402922e-01   9.1611636e-03
   2.2406456e-01  -7.4627783e-01
   2.2422902e-01   7.6730149e-01
   2.2428474e-01  -8.4834967e-02
   2.2453576e-01  -1.7888056e-01
   2.2462502e-01  -6.5103091e-01
   2.2478075e-01  -2.7303476e-01
   2.2501387e-01  -3.6732476e-01
   2.2509190e-01  -5.5626357e-01
   2.2518233e-01  -4.6175997e-01
   2.2727451e-01   8.6775211e-01
   2.4420830e-01   9.6972280e-01
   2.4949799e-01  -8.8095744e-01
   2.5043768e-01   7.1788235e-01
   2.5067031e-01   2.4436065e-01
   2.5076795e-01   3.3859164e-01
   2.5078558e-01   1.5017796e-01
   2.5083346e-01   6.2226552e-01
   2.5088391e-01   8.1537777e-01
   2.5094200e-01   4.3280376e-01
   2.5096829e-01   5.2719868e-01
   2.5103020e-01   5.6099027e-02
   2.5122959e-01  -7.9383518e-01
   2.5130368e-01  -3.7909222e-02
   2.5131217e-01  -6.9820375e-01
   2.5156422e-01  -1.3192242e-01
   2.5180880e-01  -2.2601833e-01
   2.5203930e-01  -6.0347884e-01
   2.5204425e-01  -3.2024648e-01
   2.5225329e-01  -4.1460116e-01
   2.5234736e-01  -5.0908876e-01
   2.5436778e-01  -9.6710756e-01
   2.5607458e-01   9.1529307e-01
   2.7249643e-01  -9.2028057e-01
   2.7691144e-01   7.6502852e-01
   2.7752289e-01   6.6973262e-01
   2.7777267e-01   2.9152131e-01
   2.7778309e-01   1.9724237e-01
   2.7788049e-01   5.7433163e-01
   2.7791714e-01  -7.4526760e-01
   2.7798302e-01   3.8577168e-01
   2.7801292e-01   1.0306773e-01
   2.7810387e-01   4.7991446e-01
   2.7831355e-01   9.0143842e-03
   2.7859992e-01  -8.4986497e-02
   2.7885222e-01  -1.7902832e-01
   2.7887840e-01  -6.5052790e-01
   2.7902263e-01  -8.4219122e-01
   2.7908133e-01  -2.7319082e-01
   2.7908873e-01   8.6082965e-01
   2.7931057e-01  -3.6749989e-01
   2.7947583e-01  -4.6190528e-01
   2.7948358e-01  -5.5642566e-01
   2.9587558e-01   9.5522649e-01
   3.0409904e-01   8.1054081e-01
   3.0419083e-01   7.1714557e-01
   3.0450755e-01  -7.9226399e-01
   3.0458083e-01   6.2129311e-01
   3.0480147e-01   2.4439067e-01
   3.0495629e-01   3.3874133e-01
   3.0497065e-01   1.5009207e-01
   3.0518902e-01   5.2688602e-01
   3.0525093e-01   4.3293270e-01
   3.0529863e-01   5.5951039e-02
   3.0556012e-01  -6.9728852e-01
   3.0563028e-01  -3.8068800e-02
   3.0590949e-01  -1.3206977e-01
   3.0614023e-01  -2.2615733e-01
   3.0635444e-01  -3.2040773e-01
   3.0657684e-01  -4.1480221e-01
   3.0660870e-01  -6.0378760e-01
   3.0667311e-01  -5.0922933e-01
   3.0739743e-01   9.0272280e-01
   3.1051690e-01  -9.5056786e-01
   3.1295953e-01  -8.9153665e-01
   3.2915593e-01  -8.4020073e-01
   3.3102091e-01   6.6798101e-01
   3.3154645e-01   7.6438085e-01
   3.3189083e-01   2.9162985e-01
   3.3191218e-01   1.9720156e-01
   3.3198155e-01  -7.4350652e-01
   3.3212560e-01   5.7359291e-01
   3.3224333e-01   1.0292523e-01
   3.3224682e-01   3.8599040e-01
   3.3255630e-01   4.8000747e-01
   3.3263783e-01   8.8406814e-03
   3.3297170e-01  -8.5144711e-02
   3.3322331e-01  -1.7916076e-01
   3.3341674e-01  -2.7332024e-01
   3.3363019e-01  -3.6768304e-01
   3.3376828e-01  -6.5123426e-01
   3.3383492e-01  -5.5656825e-01
   3.3383828e-01  -4.6216602e-01
   3.3440322e-01   8.5226936e-01
   3.4814868e-01   9.3743933e-01
   3.5729634e-01   7.1426421e-01
   3.5770836e-01  -7.8880128e-01
   3.5881724e-01   6.1986719e-01
   3.5887156e-01   2.4442408e-01
   3.5909149e-01  -9.3330236e-01
   3.5910647e-01   3.3894525e-01
   3.5913458e-01   1.4997116e-01
   3.5959602e-01   5.5762914e-02
   3.5965858e-01   4.3322195e-01
   3.5987060e-01   5.2690917e-01
   3.6001755e-01  -3.8250785e-02
   3.6032256e-01  -1.3221012e-01
   3.6052544e-01  -2.2626626e-01
   3.6063601e-01   8.8922859e-01
   3.6068245e-01  -3.2053467e-01
   3.6090410e-01  -4.1503832e-01
   3.6094723e-01  -6.0390352e-01
   3.6104029e-01  -6.9891994e-01
   3.6109152e-01  -5.0961990e-01
   3.6120413e-01   8.1146966e-01
   3.6615409e-01  -8.8308528e-01
   3.7876029e-01  -8.3261419e-01
   3.8391429e-01   7.6008324e-01
   3.8514035e-01   6.6549384e-01
   3.8593295e-01   2.9177233e-01
   3.8598453e-01   1.9713056e-01
   3.8648067e-01   1.0273093e-01
   3.8649162e-01   3.8630088e-01
   3.8701907e-01   8.6271517e-03
   3.8714967e-01   5.7353811e-01
   3.8719426e-01   4.8037919e-01
   3.8742375e-01  -8.5313267e-02
   3.8766821e-01  -1.7926688e-01
   3.8779240e-01  -2.7340391e-01
   3.8793828e-01  -3.6782138e-01
   3.8797533e-01  -6.5116304e-01
   3.8816413e-01  -4.6251556e-01
   3.8834587e-01  -5.5721213e-01
   3.8848681e-01  -7.4730144e-01
   3.9901569e-01   8.5744445e-01
   4.0222700e-01   9.1553997e-01
   4.1098932e-01   7.1028779e-01
   4.1110966e-01   8.0610912e-01
   4.1193932e-01  -9.1121128e-01
   4.1284134e-01   2.4444493e-01
   4.1318249e-01   3.3923149e-01
   4.1326745e-01   1.4979105e-01
   4.1393469e-01   5.5517017e-02
   4.1407016e-01   4.3364406e-01
   4.1433017e-01   6.1980049e-01
   4.1448894e-01  -3.8461885e-02
   4.1472144e-01  -6.9816895e-01
   4.1483007e-01  -1.3234338e-01
   4.1484277e-01   5.2740693e-01
   4.1498079e-01  -2.2632364e-01
   4.1502772e-01  -3.2060027e-01
   4.1516625e-01  -4.1520943e-01
   4.1539973e-01  -5.1019205e-01
   4.1564278e-01  -6.0500988e-01
   4.1605124e-01  -7.9724490e-01
   4.1903687e-01  -8.5747914e-01
   4.3638219e-01   7.5427579e-01
   4.3984114e-01   2.9193520e-01
   4.3997236e-01   1.9700108e-01
   4.4065797e-01  -7.4436972e-01
   4.4068316e-01   3.8676642e-01
   4.4072962e-01   1.0246111e-01
   4.4125180e-01   6.6571218e-01
   4.4148003e-01   8.3651396e-03
   4.4184489e-01   4.8090803e-01
   4.4198393e-01  -8.5492909e-02
   4.4221520e-01  -2.7340433e-01
   4.4221725e-01  -1.7934623e-01
   4.4223432e-01  -3.6788049e-01
   4.4232541e-01  -4.6274724e-01
   4.4256996e-01   5.7428048e-01
   4.4262121e-01  -5.5820202e-01
   4.4306909e-01  -6.5309992e-01
   4.4914432e-01   8.9345922e-01
   4.5267506e-01   8.4473074e-01
   4.6104122e-01   7.9696602e-01
   4.6290167e-01  -8.8640964e-01
   4.6456070e-01  -8.3342397e-01
   4.6647769e-01  -7.8604356e-01
   4.6665760e-01   2.4441963e-01
   4.6710540e-01   3.3958493e-01
   4.6735887e-01   1.4951990e-01
   4.6761254e-01   7.1168026e-01
   4.6833397e-01   5.5201813e-02
   4.6847238e-01   4.3433486e-01
   4.6907232e-01  -3.8700717e-02
   4.6935843e-01  -5.1051257e-01
   4.6937795e-01  -4.1527268e-01
   4.6938652e-01  -3.2053842e-01
   4.6945982e-01  -1.3246729e-01
   4.6954221e-01  -2.2633575e-01
   4.6978163e-01   5.2800912e-01
   4.6988816e-01  -6.0678110e-01
   4.7027138e-01   6.2110329e-01
   4.7067418e-01  -7.0153756e-01
   4.9354187e-01   2.9207285e-01
   4.9384499e-01   1.9676884e-01
   4.9388190e-01   7.5824052e-01
   4.9470817e-01   3.8736363e-01
   4.9500445e-01   1.0210142e-01
   4.9605100e-01   8.0562173e-03
   4.9619724e-01  -5.5861568e-01
   4.9638482e-01  -4.6282565e-01
   4.9650660e-01  -3.6772636e-01
   4.9657302e-01   4.8189534e-01
   4.9668201e-01  -8.5672409e-02
   4.9672589e-01  -2.7335166e-01
   4.9689793e-01  -1.7940099e-01
   4.9738136e-01  -6.5633479e-01
   4.9748707e-01   6.6842470e-01
   4.9774729e-01   5.7485082e-01
   4.9979215e-01  -7.4906154e-01
   5.0072979e-01   8.6560365e-01
   5.0660145e-01   8.1353973e-01
   5.1225977e-01  -8.5883056e-01
   5.1547036e-01  -8.0426612e-01
   5.2025915e-01   2.4428017e-01
   5.2077991e-01   3.3992978e-01
   5.2141011e-01   1.4914295e-01
   5.2268676e-01   4.3525856e-01
   5.2276236e-01  -6.0717080e-01
   5.2282094e-01   5.4818179e-02
   5.2315989e-01  -5.1062728e-01
   5.2344177e-01   7.1765309e-01
   5.2350857e-01  -4.1493078e-01
   5.2380116e-01  -3.8950875e-02
   5.2383331e-01  -3.2043562e-01
   5.2423281e-01  -1.3256430e-01
   5.2423545e-01  -2.2632259e-01
   5.2498107e-01   5.2940556e-01
   5.2532207e-01   6.2136782e-01
   5.2571067e-01  -7.0735393e-01
   5.4438244e-01   7.7336513e-01
   5.4696001e-01   2.9206190e-01
   5.4759426e-01   1.9642358e-01
   5.4842841e-01   3.8795618e-01
   5.4906548e-01  -6.5610458e-01
   5.4932793e-01   1.0165440e-01
   5.4961707e-01  -5.5881061e-01
   5.5024148e-01  -4.6207909e-01
   5.5059397e-01   8.3477319e-01
   5.5077270e-01   7.7186938e-03
   5.5093264e-01  -3.6755616e-01
   5.5107911e-01   4.8330475e-01
   5.5113952e-01   6.6767240e-01
   5.5133041e-01  -2.7331158e-01
   5.5155101e-01  -8.5820178e-02
   5.5164395e-01  -7.6480589e-01
   5.5171997e-01  -1.7941641e-01
   5.5358080e-01   5.7680558e-01
   5.6012763e-01  -8.2840632e-01
   5.7214047e-01   7.1476451e-01
   5.7362843e-01   2.4402983e-01
   5.7382326e-01  -7.0582180e-01
   5.7411700e-01   3.4000696e-01
   5.7542494e-01   1.4867062e-01
   5.7575553e-01  -6.0751558e-01
   5.7647725e-01   4.3617695e-01
   5.7649029e-01  -5.0903633e-01
   5.7743012e-01   5.4386517e-02
   5.7795681e-01  -4.1459949e-01
   5.7837752e-01  -3.2045247e-01
   5.7871658e-01  -3.9172426e-02
   5.7905086e-01  -2.2628215e-01
   5.7915978e-01  -1.3259460e-01
   5.7994301e-01   5.3160914e-01
   5.8188122e-01   6.2393577e-01
   5.9104972e-01   7.5594124e-01
   5.9312334e-01   8.0511161e-01
   5.9862424e-01  -7.4780145e-01
   6.0014453e-01   2.9193294e-01
   6.0121403e-01   1.9599380e-01
   6.0125057e-01  -7.9906054e-01
   6.0150836e-01  -6.5709636e-01
   6.0170305e-01   3.8797253e-01
   6.0198914e-01  -5.5552054e-01
   6.0373006e-01   1.0114615e-01
   6.0472961e-01  -4.6139259e-01
   6.0491959e-01   4.8474456e-01
   6.0557886e-01  -3.6769186e-01
   6.0570118e-01   7.3997396e-03
   6.0594221e-01  -2.7331457e-01
   6.0662923e-01  -8.5877643e-02
   6.0667393e-01  -1.7935916e-01
   6.0715598e-01   6.7108138e-01
   6.0935017e-01   5.8032674e-01
   6.2627334e-01  -6.0108576e-01
   6.2673064e-01   2.4373349e-01
   6.2732570e-01   3.3989728e-01
   6.2930720e-01   7.1652690e-01
   6.2939838e-01   1.4813997e-01
   6.2953945e-01   4.3580754e-01
   6.2980443e-01  -7.0494518e-01
   6.3103931e-01  -5.0770474e-01
   6.3220474e-01   5.3963361e-02
   6.3286756e-01  -3.2067899e-01
   6.3288899e-01  -4.1486255e-01
   6.3381916e-01   5.3401526e-01
   6.3386611e-01  -3.9287941e-02
   6.3395550e-01  -2.2619196e-01
   6.3423295e-01  -1.3250078e-01
   6.3898915e-01   6.2961000e-01
   6.3906070e-01   7.6915630e-01
   6.4562753e-01  -7.6365247e-01
   6.4937860e-01  -6.4417902e-01
   6.5313676e-01   2.9181762e-01
   6.5468413e-01   1.9553244e-01
   6.5506857e-01   3.8762472e-01
   6.5663628e-01  -5.5330964e-01
   6.5735361e-01   4.8329990e-01
   6.5825600e-01   1.0064635e-01
   6.6011610e-01  -4.6177174e-01
   6.6025478e-01  -3.6828423e-01
   6.6039060e-01  -2.7335813e-01
   6.6091501e-01   7.2014271e-03
   6.6173209e-01  -1.7920277e-01
   6.6195581e-01  -8.5754706e-02
   6.6344370e-01   5.8460219e-01
   6.6579457e-01   6.7830514e-01
   6.7368981e-01  -6.8264052e-01
   6.7945914e-01   2.4346634e-01
   6.8053718e-01   7.3271355e-01
   6.8058783e-01   3.3984140e-01
   6.8154092e-01  -5.9775537e-01
   6.8310207e-01   4.3475526e-01
   6.8331759e-01   1.4763294e-01
   6.8340893e-01  -7.3003578e-01
   6.8472995e-01   5.2998588e-01
   6.8702140e-01  -5.0827985e-01
   6.8703936e-01  -3.2114500e-01
   6.8719814e-01   5.3680865e-02
   6.8803328e-01  -4.1589913e-01
   6.8892764e-01  -2.2604733e-01
   6.8928839e-01  -3.9159393e-02
   6.8939609e-01  -1.3223129e-01
   6.9545030e-01   6.3619731e-01
   7.0588700e-01   2.9181857e-01
   7.0676843e-01  -6.4037466e-01
   7.0799133e-01   1.9512740e-01
   7.0891930e-01   3.8737052e-01
   7.1110553e-01   5.7457305e-01
   7.1112615e-01   4.8081534e-01
   7.1298983e-01   1.0032183e-01
   7.1345714e-01  -5.5423891e-01
   7.1443707e-01  -2.7345207e-01
   7.1465808e-01  -3.6935672e-01
   7.1590478e-01  -4.6334874e-01
   7.1652168e-01   7.3345077e-03
   7.1684257e-01  -1.7898469e-01
   7.1754828e-01  -8.5338302e-02
   7.1885469e-01   6.9516036e-01
   7.2400120e-01  -6.8979871e-01
   7.3163606e-01   2.4330272e-01
   7.3389591e-01   3.3993402e-01
   7.3717481e-01   1.4733463e-01
   7.3782584e-01   4.3393097e-01
   7.3838874e-01   6.1215369e-01
   7.3888598e-01   5.2518621e-01
   7.3959014e-01  -5.9957101e-01
   7.4057972e-01  -3.2188272e-01
   7.4246721e-01   5.3838687e-02
   7.4300812e-01  -4.1766661e-01
   7.4356994e-01  -5.1053288e-01
   7.4401582e-01  -2.2592186e-01
   7.4447350e-01  -1.3180211e-01
   7.4495505e-01  -3.8564936e-02
   7.5279186e-01   6.5825862e-01
   7.5831557e-01   2.9197547e-01
   7.6060817e-01  -6.4921123e-01
   7.6119314e-01   1.9495265e-01
   7.6322953e-01   3.8723195e-01
   7.6702989e-01   4.7902257e-01
   7.6750788e-01   5.6629293e-01
   7.6776387e-01  -2.7364448e-01
   7.6810798e-01   1.0058105e-01
   7.6849440e-01  -3.7091597e-01
   7.7076281e-01  -5.5754887e-01
   7.7160185e-01  -4.6588260e-01
   7.7192508e-01  -1.7891161e-01
   7.7264489e-01   8.2160841e-03
   7.7334947e-01  -8.4553946e-02
   7.8303257e-01   2.4334669e-01
   7.8720705e-01   3.4006075e-01
   7.8949695e-01   6.1375449e-01
   7.9100354e-01   1.4767746e-01
   7.9315708e-01  -3.2297179e-01
   7.9349851e-01   4.3301212e-01
   7.9465849e-01  -6.0705674e-01
   7.9664816e-01   5.2211096e-01
   7.9752475e-01  -4.2005386e-01
   7.9801341e-01   5.5116530e-02
   7.9904159e-01  -1.3144041e-01
   7.9946596e-01  -2.2601688e-01
   7.9992679e-01  -5.1405541e-01
   8.0059535e-01  -3.7224362e-02
   8.1043094e-01   2.9231385e-01
   8.1454609e-01   1.9544785e-01
   8.1800876e-01   3.8646243e-01
   8.1988296e-01  -2.7405175e-01
   8.2154844e-01  -3.7297469e-01
   8.2221939e-01   5.6917069e-01
   8.2399077e-01   1.0242225e-01
   8.2425202e-01   4.7683246e-01
   8.2628623e-01  -5.6325045e-01
   8.2683985e-01  -4.6919002e-01
   8.2690563e-01  -1.7942690e-01
   8.2914942e-01  -8.3609129e-02
   8.2931099e-01   1.0635171e-02
   8.3339236e-01   2.4395797e-01
   8.4080779e-01   3.3934785e-01
   8.4446247e-01  -3.2459697e-01
   8.4492176e-01   1.4980420e-01
   8.4992669e-01   4.3005263e-01
   8.5137713e-01  -4.2317806e-01
   8.5230890e-01   5.2303875e-01
   8.5231549e-01  -1.3148262e-01
   8.5351619e-01   5.8893724e-02
   8.5522682e-01  -3.5110791e-02
   8.5542416e-01  -5.1792809e-01
   8.5588456e-01  -2.2689854e-01
   8.6281375e-01   2.9204125e-01
   8.6870533e-01   1.9843171e-01
   8.6991077e-01  -2.7508715e-01
   8.7357750e-01  -3.7629109e-01
   8.7363403e-01   3.8169641e-01
   8.7992771e-01   4.7510759e-01
   8.8116503e-01   1.0892867e-01
   8.8148664e-01  -1.8132805e-01
   8.8195512e-01  -4.7133339e-01
   8.8325501e-01   2.4508421e-01
   8.8476092e-01  -8.2061812e-02
   8.8612895e-01   1.4258065e-02
   8.9389660e-01  -3.2875140e-01
   8.9578549e-01   3.3157566e-01
   8.9848079e-01   1.5996718e-01
   9.0238571e-01  -1.3084303e-01
   9.0503327e-01   4.2534078e-01
   9.0577972e-01  -4.2374887e-01
   9.0650606e-01   6.4250986e-02
   9.0771369e-01  -3.2244563e-02
   9.1412475e-01  -2.3093030e-01
   9.1554021e-01  -2.8045320e-01
   9.1768703e-01   2.7895872e-01
   9.2447703e-01   2.1878203e-01
   9.2685759e-01  -3.7541312e-01
   9.2755152e-01   3.7369529e-01
   9.3324733e-01  -1.8291440e-01
   9.3746960e-01   1.1795942e-01
   9.4072912e-01  -8.0529272e-02
   9.4329127e-01   1.7092918e-01
   9.4339616e-01   1.9105574e-02
   9.4525571e-01  -3.2633057e-01
   9.4744590e-01   3.1991604e-01
   9.4751671e-01  -1.3108869e-01
   9.5428430e-01   7.0130011e-02
   9.5540037e-01  -3.0095842e-02
   9.6143599e-01  -2.7502881e-01
   9.6476611e-01   2.6310900e-01
   9.7322182e-01  -2.2986799e-01
   9.7746922e-01   2.1107802e-01
   9.8299614e-01  -1.8362625e-01
   9.8791839e-01   1.5497498e-01
   9.9039438e-01  -1.3827136e-01
   9.9440102e-01   1.0567215e-01
   9.9575237e-01  -9.2071790e-02
   9.9867041e-01   5.1550005e-02
   9.9889764e-01  -4.6941427e-02
   9.9999128e-01   4.1771779e-03
