   1.6000000e+01   1.4000000e+01
   1.0361000e+04   1.0363000e+04
   4.7920000e+03   4.6690000e+03
   5.1610000e+03   5.0380000e+03
   5.0380000e+03   4.9150000e+03
   1.1100000e+02   9.4000000e+01
   1.0359000e+04   1.0361000e+04
   1.0363000e+04   1.0365000e+04
   4.0000000e+00   2.0000000e+00
   4.9000000e+01   4.2000000e+01
   8.0000000e+00   6.0000000e+00
   1.0000000e+00   3.0000000e+00
   9.3350000e+03   9.2460000e+03
   1.3200000e+02   1.1100000e+02
   3.6000000e+02   3.9800000e+02
   9.4250000e+03   9.4700000e+03
   9.4700000e+03   9.5420000e+03
   4.1790000e+03   4.3020000e+03
   1.0369000e+04   1.0371000e+04
   1.0365000e+04   1.0367000e+04
   1.0353000e+04   1.0355000e+04
   2.7000000e+01   2.2000000e+01
   1.8000000e+01   1.6000000e+01
   2.2000000e+01   1.8000000e+01
   1.2000000e+01   1.0000000e+01
   6.0000000e+00   4.0000000e+00
   5.0000000e+00   7.0000000e+00
   2.0000000e+00   1.0000000e+00
   3.0000000e+00   5.0000000e+00
   7.0000000e+00   9.0000000e+00
   2.3800000e+03   2.3020000e+03
   4.5460000e+03   4.4230000e+03
   9.3820000e+03   9.3350000e+03
   8.8120000e+03   8.7150000e+03
   6.3260000e+03   6.2040000e+03
   5.4670000e+03   5.3280000e+03
   4.9150000e+03   4.7920000e+03
   7.4400000e+02   7.0000000e+02
   4.2000000e+01   3.6000000e+01
   1.4600000e+02   1.3200000e+02
   9.3430000e+03   9.4250000e+03
   3.3350000e+03   3.4530000e+03
   3.8130000e+03   3.9340000e+03
   2.9860000e+03   3.1000000e+03
   5.5910000e+03   5.7140000e+03
   5.4680000e+03   5.5910000e+03
   5.7140000e+03   5.8370000e+03
   1.0141000e+04   1.0167000e+04
   5.3450000e+03   5.4680000e+03
   1.0371000e+04   1.0373000e+04
   1.0367000e+04   1.0369000e+04
   1.0355000e+04   1.0357000e+04
   1.0042000e+04   1.0009000e+04
   1.0000000e+01   8.0000000e+00
   1.4000000e+01   1.2000000e+01
   2.6300000e+02   2.9200000e+02
   2.5000000e+01   3.3000000e+01
   1.1870000e+03   1.1350000e+03
   3.2790000e+03   3.1790000e+03
   3.7540000e+03   3.6330000e+03
   4.2680000e+03   4.1240000e+03
   9.0470000e+03   8.9610000e+03
   8.9610000e+03   8.8660000e+03
   8.2960000e+03   8.1880000e+03
   6.2040000e+03   6.0830000e+03
   5.7130000e+03   5.5900000e+03
   5.5900000e+03   5.4670000e+03
   5.3280000e+03   5.1610000e+03
   6.2900000e+02   5.8600000e+02
   5.8600000e+02   5.4600000e+02
   8.6800000e+02   8.1900000e+02
   3.0400000e+02   2.7400000e+02
   4.5400000e+02   4.0400000e+02
   5.4600000e+02   5.0300000e+02
   3.6000000e+01   2.7000000e+01
   1.8300000e+02   2.0900000e+02
   1.6000000e+02   1.8300000e+02
   2.4750000e+03   2.5830000e+03
   5.2220000e+03   5.3450000e+03
   3.4530000e+03   3.5720000e+03
   3.9340000e+03   4.0570000e+03
   2.6950000e+03   2.7840000e+03
   1.2250000e+03   1.2780000e+03
   5.8370000e+03   5.9590000e+03
   9.5420000e+03   9.5980000e+03
   9.9650000e+03   9.9180000e+03
   1.0370000e+04   1.0368000e+04
   1.0316000e+04   1.0303000e+04
   1.0293000e+04   1.0278000e+04
   1.0190000e+04   1.0163000e+04
   9.0000000e+01   1.0800000e+02
   7.5000000e+01   9.0000000e+01
   2.9200000e+02   3.2500000e+02
   3.2500000e+02   3.6000000e+02
   1.1000000e+01   1.3000000e+01
   9.0000000e+00   1.1000000e+01
   6.7000000e+01   7.5000000e+01
   4.0000000e+01   4.6000000e+01
   4.6000000e+01   5.3000000e+01
   1.9000000e+01   2.5000000e+01
   1.7000000e+01   1.9000000e+01
   1.4210000e+03   1.3330000e+03
   1.0460000e+03   9.9900000e+02
   1.7460000e+03   1.6660000e+03
   1.6660000e+03   1.5740000e+03
   1.9260000e+03   1.8240000e+03
   2.6940000e+03   2.5810000e+03
   3.8750000e+03   3.7540000e+03
   4.0010000e+03   3.8750000e+03
   4.6690000e+03   4.5460000e+03
   9.7950000e+03   9.7380000e+03
   9.8720000e+03   9.8340000e+03
   9.9180000e+03   9.8720000e+03
   9.5570000e+03   9.5130000e+03
   9.5130000e+03   9.4330000e+03
   8.6520000e+03   8.5600000e+03
   8.7150000e+03   8.6520000e+03
   8.8660000e+03   8.8120000e+03
   9.1070000e+03   9.0470000e+03
   8.5600000e+03   8.4560000e+03
   5.8360000e+03   5.7130000e+03
   7.9120000e+03   7.8020000e+03
   7.7270000e+03   7.6300000e+03
   1.8700000e+02   1.6500000e+02
   3.3700000e+02   3.0400000e+02
   1.6500000e+02   1.4600000e+02
   2.4140000e+03   2.4750000e+03
   2.3030000e+03   2.4140000e+03
   2.0900000e+02   2.3600000e+02
   5.6500000e+02   6.2200000e+02
   7.8300000e+02   8.2900000e+02
   7.2100000e+02   7.8300000e+02
   7.7210000e+03   7.7990000e+03
   3.2170000e+03   3.3350000e+03
   3.1000000e+03   3.2170000e+03
   2.8770000e+03   2.9860000e+03
   1.2780000e+03   1.3640000e+03
   1.7870000e+03   1.8750000e+03
   1.6310000e+03   1.7190000e+03
   1.7190000e+03   1.7870000e+03
   7.2840000e+03   7.3990000e+03
   9.8590000e+03   9.9060000e+03
   1.0327000e+04   1.0332000e+04
   4.0570000e+03   4.1790000e+03
   1.0009000e+04   9.9650000e+03
   1.0357000e+04   1.0359000e+04
   1.0372000e+04   1.0370000e+04
   1.0373000e+04   1.0372000e+04
   1.0368000e+04   1.0366000e+04
   1.0303000e+04   1.0293000e+04
   1.0278000e+04   1.0265000e+04
   1.0227000e+04   1.0208000e+04
   1.0208000e+04   1.0190000e+04
   1.0106000e+04   1.0074000e+04
   1.0074000e+04   1.0042000e+04
   1.3700000e+02   1.6000000e+02
   3.3000000e+01   4.0000000e+01
   1.3000000e+01   1.5000000e+01
   7.0000000e+02   6.2900000e+02
   1.1350000e+03   1.0460000e+03
   1.8240000e+03   1.7460000e+03
   2.5810000e+03   2.4740000e+03
   2.8670000e+03   2.7570000e+03
   2.7570000e+03   2.6940000e+03
   2.9830000e+03   2.8670000e+03
   3.0730000e+03   2.9830000e+03
   3.1790000e+03   3.0730000e+03
   3.6330000e+03   3.5130000e+03
   3.5130000e+03   3.3940000e+03
   3.3940000e+03   3.2790000e+03
   4.4230000e+03   4.2680000e+03
   9.8340000e+03   9.7950000e+03
   9.4330000e+03   9.3820000e+03
   7.2240000e+03   7.1070000e+03
   9.1930000e+03   9.1070000e+03
   9.2460000e+03   9.1930000e+03
   8.3960000e+03   8.2960000e+03
   8.4560000e+03   8.3960000e+03
   5.9600000e+03   5.8360000e+03
   6.0830000e+03   5.9600000e+03
   6.4480000e+03   6.3260000e+03
   8.0140000e+03   7.9120000e+03
   8.1120000e+03   8.0140000e+03
   7.8020000e+03   7.7270000e+03
   7.5150000e+03   7.4000000e+03
   7.6300000e+03   7.5150000e+03
   3.7000000e+02   3.3700000e+02
   4.0400000e+02   3.7000000e+02
   5.0410000e+03   5.2220000e+03
   4.3020000e+03   4.4250000e+03
   3.9800000e+02   4.3700000e+02
   5.1000000e+02   5.6500000e+02
   2.7840000e+03   2.8770000e+03
   2.5830000e+03   2.6950000e+03
   1.1400000e+03   1.2250000e+03
   5.9590000e+03   6.0820000e+03
   9.7990000e+03   9.8590000e+03
   9.9420000e+03   9.9770000e+03
   9.9770000e+03   1.0014000e+04
   9.9060000e+03   9.9420000e+03
   9.7560000e+03   9.7990000e+03
   9.5980000e+03   9.6480000e+03
   9.7160000e+03   9.7560000e+03
   9.6480000e+03   9.7160000e+03
   1.0112000e+04   1.0141000e+04
   1.0082000e+04   1.0112000e+04
   1.0048000e+04   1.0082000e+04
   1.0014000e+04   1.0048000e+04
   1.0318000e+04   1.0327000e+04
   1.0360000e+04   1.0358000e+04
   1.0354000e+04   1.0346000e+04
   1.0331000e+04   1.0325000e+04
   1.0332000e+04   1.0340000e+04
   1.0265000e+04   1.0246000e+04
   1.0246000e+04   1.0227000e+04
   1.0135000e+04   1.0106000e+04
   5.3000000e+01   6.7000000e+01
   8.1900000e+02   7.4400000e+02
   1.2740000e+03   1.1870000e+03
   1.3330000e+03   1.2740000e+03
   1.5150000e+03   1.4210000e+03
   1.5740000e+03   1.5150000e+03
   9.9900000e+02   9.3500000e+02
   2.0310000e+03   1.9260000e+03
   2.3020000e+03   2.1950000e+03
   4.1240000e+03   4.0010000e+03
   6.6890000e+03   6.5690000e+03
   6.7990000e+03   6.6890000e+03
   6.9900000e+03   6.8970000e+03
   7.1070000e+03   6.9900000e+03
   6.8970000e+03   6.7990000e+03
   7.4000000e+03   7.3390000e+03
   7.3390000e+03   7.2240000e+03
   6.5690000e+03   6.4480000e+03
   5.8000000e+01   4.9000000e+01
   2.0360000e+03   2.1390000e+03
   2.2100000e+03   2.3030000e+03
   2.1390000e+03   2.2100000e+03
   3.5720000e+03   3.6920000e+03
   4.9170000e+03   5.0410000e+03
   4.5480000e+03   4.6710000e+03
   9.0140000e+03   9.1030000e+03
   8.9590000e+03   9.0140000e+03
   9.2380000e+03   9.2910000e+03
   8.7480000e+03   8.8140000e+03
   8.8140000e+03   8.8960000e+03
   2.3600000e+02   2.6300000e+02
   8.2900000e+02   9.1100000e+02
   6.2200000e+02   6.6400000e+02
   6.6400000e+02   7.2100000e+02
   7.5140000e+03   7.6220000e+03
   7.3990000e+03   7.5140000e+03
   7.7990000e+03   7.9110000e+03
   7.6220000e+03   7.7210000e+03
   1.0900000e+03   1.1400000e+03
   7.2030000e+03   7.2840000e+03
   6.4880000e+03   6.6120000e+03
   6.3280000e+03   6.4880000e+03
   6.2050000e+03   6.3280000e+03
   1.0269000e+04   1.0284000e+04
   1.0252000e+04   1.0269000e+04
   1.0309000e+04   1.0318000e+04
   1.0338000e+04   1.0331000e+04
   1.0163000e+04   1.0135000e+04
   1.5000000e+01   1.7000000e+01
   9.3500000e+02   8.6800000e+02
   2.4740000e+03   2.3800000e+03
   5.0300000e+02   4.5400000e+02
   9.4000000e+01   7.9000000e+01
   3.6920000e+03   3.8130000e+03
   4.6710000e+03   4.7940000e+03
   4.7940000e+03   4.9170000e+03
   9.2910000e+03   9.3430000e+03
   8.8960000e+03   8.9590000e+03
   9.1100000e+02   9.5600000e+02
   9.5600000e+02   1.0240000e+03
   1.3640000e+03   1.4220000e+03
   1.5670000e+03   1.6310000e+03
   4.3700000e+02   4.7300000e+02
   6.0820000e+03   6.2050000e+03
   1.0167000e+04   1.0193000e+04
   1.0235000e+04   1.0252000e+04
   1.0193000e+04   1.0218000e+04
   1.0284000e+04   1.0296000e+04
   1.0296000e+04   1.0309000e+04
   1.0358000e+04   1.0356000e+04
   1.0356000e+04   1.0354000e+04
   1.0362000e+04   1.0360000e+04
   1.0366000e+04   1.0364000e+04
   1.0325000e+04   1.0316000e+04
   1.0346000e+04   1.0338000e+04
   1.0340000e+04   1.0347000e+04
   1.0347000e+04   1.0353000e+04
   9.6360000e+03   9.5570000e+03
   2.1500000e+02   1.8700000e+02
   7.9000000e+01   6.9000000e+01
   6.9000000e+01   5.8000000e+01
   1.9510000e+03   2.0360000e+03
   1.8750000e+03   1.9510000e+03
   4.4250000e+03   4.5480000e+03
   8.6620000e+03   8.7480000e+03
   9.1560000e+03   9.2380000e+03
   4.7300000e+02   5.1000000e+02
   1.0218000e+04   1.0235000e+04
   1.0364000e+04   1.0362000e+04
   1.1900000e+02   1.3700000e+02
   1.0800000e+02   1.1900000e+02
   2.1950000e+03   2.0960000e+03
   9.7380000e+03   9.6800000e+03
   9.6800000e+03   9.6360000e+03
   8.1880000e+03   8.1120000e+03
   8.3440000e+03   8.4300000e+03
   8.5940000e+03   8.6620000e+03
   9.1030000e+03   9.1560000e+03
   1.0240000e+03   1.0900000e+03
   1.4220000e+03   1.4810000e+03
   1.4810000e+03   1.5670000e+03
   2.7400000e+02   2.4400000e+02
   2.4400000e+02   2.1500000e+02
   7.9110000e+03   7.9890000e+03
   8.4300000e+03   8.5060000e+03
   8.2430000e+03   8.3440000e+03
   7.1060000e+03   7.2030000e+03
   6.6120000e+03   6.7400000e+03
   6.7400000e+03   6.8690000e+03
   2.0960000e+03   2.0310000e+03
   8.0780000e+03   8.1750000e+03
   7.9890000e+03   8.0780000e+03
   8.1750000e+03   8.2430000e+03
   6.9880000e+03   7.1060000e+03
   6.8690000e+03   6.9880000e+03
   8.5060000e+03   8.5940000e+03
