  -9.9984983e-01   1.7329567e-02
  -9.9980101e-01  -1.9948237e-02
  -9.9874087e-01   5.0166512e-02
  -9.9859081e-01  -5.3069721e-02
  -9.9618791e-01   8.7233244e-02
  -9.9587944e-01  -9.0687060e-02
  -9.9277908e-01   1.1995708e-01
  -9.9224982e-01  -1.2425902e-01
  -9.8760250e-01   1.5697546e-01
  -9.8672691e-01  -1.6238843e-01
  -9.8180096e-01   1.8991279e-01
  -9.8044983e-01  -1.9676923e-01
  -9.7386717e-01   2.2711831e-01
  -9.7178529e-01  -2.3586723e-01
  -9.6924086e-01  -6.6480564e-04
  -9.6705311e-01  -6.8739007e-02
  -9.6698636e-01   6.6882413e-02
  -9.6501027e-01   2.6221207e-01
  -9.6223621e-01  -2.7221587e-01
  -9.6039512e-01   1.3394428e-01
  -9.6030987e-01  -1.3742079e-01
  -9.5879513e-01  -3.4180171e-02
  -9.5865221e-01   3.3065762e-02
  -9.5504036e-01   2.9647582e-01
  -9.5466886e-01  -1.0194761e-01
  -9.5436727e-01   9.9907584e-02
  -9.5003852e-01  -3.1213269e-01
  -9.4952329e-01   2.0059995e-01
  -9.4889105e-01  -2.0752523e-01
  -9.4639230e-01  -1.7041176e-01
  -9.4623754e-01   1.6653918e-01
  -9.4454086e-01   3.2839391e-01
  -9.3731837e-01   2.3509984e-01
  -9.3668107e-01  -3.5018362e-01
  -9.3494609e-01  -2.4100201e-01
  -9.3419202e-01  -4.9322565e-06
  -9.3247269e-01  -6.6081360e-02
  -9.3200757e-01   6.5761393e-02
  -9.3111283e-01   3.6473128e-01
  -9.2966074e-01  -2.8348428e-01
  -9.2680412e-01  -1.3259161e-01
  -9.2651800e-01   2.6907453e-01
  -9.2606147e-01   1.3155584e-01
  -9.2204676e-01  -3.8707852e-01
  -9.1801001e-01  -1.9940366e-01
  -9.1748321e-01  -3.2254358e-02
  -9.1740760e-01   1.9892915e-01
  -9.1718652e-01   3.3000289e-02
  -9.1689495e-01   3.9912862e-01
  -9.1447252e-01  -3.2087550e-01
  -9.1419365e-01  -9.7779104e-02
  -9.1354034e-01   9.8308719e-02
  -9.1137373e-01   3.3432386e-01
  -9.1114964e-01   3.0057645e-01
  -9.0735027e-01  -1.6353830e-01
  -9.0731825e-01   1.6473305e-01
  -9.0617451e-01  -2.5945377e-01
  -9.0608428e-01  -4.2309724e-01
  -9.0255032e-01   2.3428389e-01
  -9.0146952e-01   4.3284259e-01
  -8.9964432e-01  -3.5676580e-01
  -8.9672119e-01  -2.2640267e-01
  -8.9576781e-01   8.9416129e-04
  -8.9455968e-01   3.6765796e-01
  -8.9441632e-01  -6.3699647e-02
  -8.9385293e-01   6.5550133e-02
  -8.9186509e-01  -2.9277016e-01
  -8.8961367e-01  -1.2841466e-01
  -8.8914261e-01   1.3109227e-01
  -8.8877802e-01  -4.5833791e-01
  -8.8818451e-01   2.6762824e-01
  -8.8477295e-01   4.6602234e-01
  -8.8422995e-01  -3.9176306e-01
  -8.8323094e-01   1.9889922e-01
  -8.8101839e-01  -1.9203571e-01
  -8.7927062e-01   4.0064142e-01
  -8.7903194e-01   3.3092424e-01
  -8.7682009e-01  -3.2652141e-01
  -8.7673137e-01  -3.0718637e-02
  -8.7647381e-01   3.3465297e-02
  -8.7392187e-01  -9.4860829e-02
  -8.7363638e-01   9.8288964e-02
  -8.7178050e-01  -2.5865883e-01
  -8.7012585e-01  -4.9282958e-01
  -8.6931896e-01   2.9824255e-01
  -8.6912862e-01   1.6477734e-01
  -8.6782369e-01  -4.2606627e-01
  -8.6761547e-01  -1.5868755e-01
  -8.6681892e-01   4.9862307e-01
  -8.6628670e-01   2.3331644e-01
  -8.6324953e-01   4.3332919e-01
  -8.6175778e-01  -3.6029674e-01
  -8.5965322e-01   3.6524719e-01
  -8.5935634e-01  -2.2434467e-01
  -8.5614032e-01   1.8354400e-03
  -8.5583783e-01  -2.9296317e-01
  -8.5494627e-01  -6.1937970e-02
  -8.5472726e-01   6.6066955e-02
  -8.5133456e-01   1.3153102e-01
  -8.5061211e-01  -1.2558678e-01
  -8.5028576e-01  -4.5972631e-01
  -8.5012958e-01  -5.2657354e-01
  -8.4893930e-01   2.6583193e-01
  -8.4765188e-01   5.3055281e-01
  -8.4729034e-01   1.9874153e-01
  -8.4614613e-01   4.6559570e-01
  -8.4601642e-01  -3.9379515e-01
  -8.4372435e-01  -1.9057218e-01
  -8.4341314e-01   3.3065304e-01
  -8.4269032e-01   3.9901278e-01
  -8.4012494e-01  -3.2692377e-01
  -8.3704490e-01  -2.5819573e-01
  -8.3626096e-01  -2.9533530e-02
  -8.3622710e-01   3.4270014e-02
  -8.3422577e-01   9.8965000e-02
  -8.3372207e-01  -9.3043116e-02
  -8.3157466e-01  -4.9273931e-01
  -8.3098196e-01   1.6507129e-01
  -8.2931272e-01  -4.2686586e-01
  -8.2923994e-01   2.9770312e-01
  -8.2878487e-01  -5.5956737e-01
  -8.2877387e-01   2.3231763e-01
  -8.2867732e-01  -1.5743053e-01
  -8.2792219e-01   4.9730441e-01
  -8.2732210e-01   5.6172782e-01
  -8.2551708e-01   4.3206025e-01
  -8.2438398e-01  -3.6051013e-01
  -8.2353437e-01   3.6466602e-01
  -8.2243138e-01  -2.2393337e-01
  -8.1995141e-01  -2.9259400e-01
  -8.1622027e-01   2.7562963e-03
  -8.1536213e-01   6.6904689e-02
  -8.1502665e-01  -6.0793845e-02
  -8.1299617e-01   1.3214648e-01
  -8.1169288e-01  -5.2509732e-01
  -8.1155374e-01  -4.5941113e-01
  -8.1155159e-01  -1.2475645e-01
  -8.1007858e-01   1.9860612e-01
  -8.1003773e-01   2.6507669e-01
  -8.0863965e-01   5.2835167e-01
  -8.0803414e-01  -3.9362205e-01
  -8.0754219e-01   4.6446804e-01
  -8.0653375e-01   3.3070093e-01
  -8.0633063e-01  -1.9031522e-01
  -8.0606565e-01  -5.9182613e-01
  -8.0584910e-01   5.9212096e-01
  -8.0554623e-01   3.9828556e-01
  -8.0349044e-01  -3.2651620e-01
  -8.0152022e-01  -2.5802112e-01
  -7.9629924e-01   3.5144077e-02
  -7.9606428e-01  -2.8673135e-02
  -7.9497862e-01   9.9754326e-02
  -7.9396473e-01  -9.2454028e-02
  -7.9273500e-01  -4.9136446e-01
  -7.9263019e-01   1.6542992e-01
  -7.9081574e-01  -4.2620835e-01
  -7.9077808e-01   2.3194348e-01
  -7.9066255e-01  -5.5683172e-01
  -7.9018369e-01   2.9768374e-01
  -7.9012435e-01  -1.5729460e-01
  -7.8860197e-01   4.9633667e-01
  -7.8843445e-01   5.5870964e-01
  -7.8750048e-01   4.3130680e-01
  -7.8701126e-01  -3.5993472e-01
  -7.8666866e-01   3.6442438e-01
  -7.8548106e-01  -2.2394527e-01
  -7.8372335e-01  -2.9221773e-01
  -7.8312135e-01   6.2186891e-01
  -7.8189354e-01  -6.2341197e-01
  -7.7637986e-01   3.5232006e-03
  -7.7596682e-01   6.7727666e-02
  -7.7528790e-01  -6.0329202e-02
  -7.7434176e-01   1.3277124e-01
  -7.7291291e-01  -5.2269445e-01
  -7.7263494e-01  -4.5824195e-01
  -7.7263111e-01  -1.2472107e-01
  -7.7220053e-01   1.9874817e-01
  -7.7144256e-01   2.6492223e-01
  -7.6999279e-01  -3.9281498e-01
  -7.6904996e-01   3.3087566e-01
  -7.6883186e-01   4.6384002e-01
  -7.6875641e-01  -1.9049084e-01
  -7.6870025e-01   5.2786921e-01
  -7.6851025e-01  -5.8808539e-01
  -7.6801218e-01   3.9788991e-01
  -7.6757439e-01   5.8861623e-01
  -7.6659329e-01  -3.2596080e-01
  -7.6532173e-01  -2.5794019e-01
  -7.5825982e-01   6.5195248e-01
  -7.5662182e-01   3.5877895e-02
  -7.5625440e-01  -2.8208737e-02
  -7.5605385e-01  -6.5450941e-01
  -7.5580003e-01   1.0047794e-01
  -7.5459018e-01  -9.2424598e-02
  -7.5412158e-01   1.6588992e-01
  -7.5348765e-01  -4.8972675e-01
  -7.5257632e-01   2.3197954e-01
  -7.5221577e-01  -5.5343018e-01
  -7.5219260e-01  -4.2515696e-01
  -7.5172247e-01  -1.5755453e-01
  -7.5161136e-01   2.9787635e-01
  -7.4942887e-01  -3.5919653e-01
  -7.4941542e-01   4.9613117e-01
  -7.4933478e-01   4.3095746e-01
  -7.4928475e-01   3.6441112e-01
  -7.4832165e-01  -2.2411562e-01
  -7.4806117e-01   5.5963126e-01
  -7.4710565e-01   6.1997222e-01
  -7.4707227e-01  -2.9188307e-01
  -7.4527140e-01  -6.1930025e-01
  -7.3678723e-01   4.0179067e-03
  -7.3664330e-01   6.8406542e-02
  -7.3585506e-01  -6.0233829e-02
  -7.3560873e-01   6.7740667e-01
  -7.3555523e-01   1.3337449e-01
  -7.3398252e-01   1.9906464e-01
  -7.3385225e-01  -1.2498647e-01
  -7.3352322e-01  -4.5699175e-01
  -7.3344258e-01  -5.2072695e-01
  -7.3301107e-01   2.6506590e-01
  -7.3177756e-01  -3.9191557e-01
  -7.3126071e-01   3.3113303e-01
  -7.3100890e-01  -1.9081705e-01
  -7.3091370e-01  -5.8373432e-01
  -7.3023593e-01   4.6381470e-01
  -7.3023048e-01   3.9780902e-01
  -7.2945474e-01   5.2876107e-01
  -7.2937112e-01  -3.2542341e-01
  -7.2857374e-01  -2.5792471e-01
  -7.2806764e-01   5.9379934e-01
  -7.2801008e-01  -6.8556642e-01
  -7.2089516e-01  -6.5156282e-01
  -7.1794937e-01   6.3717580e-01
  -7.1719470e-01   3.6388576e-02
  -7.1680304e-01  -2.8019799e-02
  -7.1670622e-01   1.0108908e-01
  -7.1552670e-01   1.6637650e-01
  -7.1550789e-01  -9.2619511e-02
  -7.1427525e-01   2.3222510e-01
  -7.1399803e-01  -4.8840574e-01
  -7.1342841e-01  -4.2415385e-01
  -7.1338046e-01  -1.5793890e-01
  -7.1325663e-01   2.9817130e-01
  -7.1267247e-01  -5.5143473e-01
  -7.1160499e-01  -3.5850217e-01
  -7.1159862e-01   3.6457777e-01
  -7.1120081e-01   4.3105175e-01
  -7.1091749e-01  -2.2434400e-01
  -7.1079423e-01   4.9693923e-01
  -7.1027050e-01   7.0392885e-01
  -7.1010674e-01   5.6338006e-01
  -7.1001336e-01  -2.9162202e-01
  -7.0959170e-01  -6.1400193e-01
  -7.0164097e-01  -7.1253066e-01
  -6.9861193e-01   6.6702143e-01
  -6.9746602e-01   4.2850136e-03
  -6.9746362e-01   6.8907928e-02
  -6.9674841e-01   1.3390639e-01
  -6.9670255e-01  -6.0319404e-02
  -6.9560387e-01   1.9945061e-01
  -6.9519673e-01  -1.2534270e-01
  -6.9518472e-01   6.0272156e-01
  -6.9466041e-01   2.6534740e-01
  -6.9432329e-01  -4.5600128e-01
  -6.9373628e-01  -5.1959779e-01
  -6.9340066e-01  -3.9113224e-01
  -6.9332593e-01   3.3145497e-01
  -6.9312093e-01  -1.9117917e-01
  -6.9237452e-01   3.9801441e-01
  -6.9205449e-01   4.6444964e-01
  -6.9184229e-01  -3.2497641e-01
  -6.9178794e-01   5.3138373e-01
  -6.9154743e-01  -5.8228632e-01
  -6.9139407e-01  -2.5795589e-01
  -6.8824645e-01  -6.4345036e-01
  -6.8702564e-01  -6.7785496e-01
  -6.8228239e-01   7.3108874e-01
  -6.7813929e-01   6.3550151e-01
  -6.7800709e-01   3.6706713e-02
  -6.7772816e-01   1.0156323e-01
  -6.7764457e-01  -2.7995724e-02
  -6.7691120e-01   1.6683021e-01
  -6.7664496e-01  -9.2891680e-02
  -6.7593172e-01   2.3255508e-01
  -6.7557162e-01   6.9660568e-01
  -6.7506851e-01  -1.5833776e-01
  -6.7500816e-01   2.9851546e-01
  -6.7490310e-01   5.6809484e-01
  -6.7459674e-01  -4.2339076e-01
  -6.7453015e-01  -4.8764367e-01
  -6.7378694e-01   3.6488649e-01
  -6.7357587e-01  -3.5794320e-01
  -6.7329704e-01   4.3154133e-01
  -6.7329147e-01  -2.2458534e-01
  -6.7320362e-01   4.9861963e-01
  -6.7302487e-01  -5.5097870e-01
  -6.7260704e-01  -2.9144133e-01
  -6.7244302e-01  -7.4014890e-01
  -6.7025224e-01  -6.1354295e-01
  -6.6529907e-01  -7.0738464e-01
  -6.5845336e-01   6.9249965e-02
  -6.5838944e-01   4.3987999e-03
  -6.5808976e-01   6.6845555e-01
  -6.5798982e-01   1.3433964e-01
  -6.5777777e-01  -6.0485904e-02
  -6.5758669e-01   6.0184333e-01
  -6.5716832e-01   1.9983528e-01
  -6.5688182e-01   7.5399355e-01
  -6.5664452e-01  -1.2570507e-01
  -6.5635938e-01   2.6567944e-01
  -6.5542049e-01   5.3386733e-01
  -6.5534576e-01   3.3181889e-01
  -6.5519235e-01  -4.5543962e-01
  -6.5512819e-01  -1.9152721e-01
  -6.5498883e-01  -6.5128371e-01
  -6.5492991e-01  -3.9056482e-01
  -6.5459092e-01   3.9842671e-01
  -6.5447707e-01   4.6547657e-01
  -6.5427627e-01  -5.1943706e-01
  -6.5406427e-01  -3.2464968e-01
  -6.5388723e-01  -2.5802165e-01
  -6.5223419e-01  -5.8309325e-01
  -6.4628541e-01  -7.6309578e-01
  -6.4426748e-01   7.1051060e-01
  -6.4292752e-01  -6.8374110e-01
  -6.3978850e-01   6.3534235e-01
  -6.3903292e-01   3.6884917e-02
  -6.3888252e-01   1.0190837e-01
  -6.3871825e-01  -2.8060754e-02
  -6.3832475e-01   1.6721737e-01
  -6.3794891e-01  -9.3177158e-02
  -6.3766716e-01   5.6780788e-01
  -6.3758558e-01   2.3289621e-01
  -6.3682818e-01   2.9887012e-01
  -6.3677764e-01  -1.5870825e-01
  -6.3624311e-01   4.9990932e-01
  -6.3596770e-01   3.6527017e-01
  -6.3581233e-01  -4.2296869e-01
  -6.3569396e-01   4.3218113e-01
  -6.3548766e-01  -2.2481989e-01
  -6.3541114e-01  -3.5756483e-01
  -6.3534825e-01  -4.8757349e-01
  -6.3493154e-01  -2.9134191e-01
  -6.3434337e-01  -6.1909536e-01
  -6.3395819e-01  -5.5191594e-01
  -6.3179054e-01  -7.2316399e-01
  -6.2837719e-01   7.7790880e-01
  -6.2386337e-01   6.7183737e-01
  -6.2179868e-01   7.3859581e-01
  -6.1999675e-01   6.0150320e-01
  -6.1960990e-01   6.9468490e-02
  -6.1951903e-01   4.4188561e-03
  -6.1931516e-01   1.3467176e-01
  -6.1903381e-01  -6.0680576e-02
  -6.1873747e-01   2.0017809e-01
  -6.1817781e-01  -1.2604036e-01
  -6.1816641e-01   5.3374875e-01
  -6.1810238e-01   2.6600803e-01
  -6.1794800e-01  -7.8621897e-01
  -6.1777185e-01  -6.5386866e-01
  -6.1737603e-01   3.3218047e-01
  -6.1718258e-01   4.6615286e-01
  -6.1706252e-01  -1.9184277e-01
  -6.1691820e-01   3.9886646e-01
  -6.1645918e-01  -3.9026590e-01
  -6.1630401e-01  -4.5538838e-01
  -6.1614489e-01  -2.5811659e-01
  -6.1611267e-01  -3.2445790e-01
  -6.1540407e-01  -5.2023430e-01
  -6.1515881e-01  -5.8669250e-01
  -6.0876379e-01  -7.4956691e-01
  -6.0647690e-01  -6.9021778e-01
  -6.0594157e-01   7.0171161e-01
  -6.0327994e-01   6.3599532e-01
  -6.0028159e-01   5.6737383e-01
  -6.0024150e-01   3.6969907e-02
  -6.0017028e-01   1.0214700e-01
  -5.9997606e-01  -2.8168337e-02
  -5.9979778e-01   1.6752660e-01
  -5.9938294e-01  -9.3447292e-02
  -5.9926443e-01   2.3320556e-01
  -5.9885539e-01   4.9983469e-01
  -5.9870225e-01   2.9919477e-01
  -5.9850666e-01  -1.5903650e-01
  -5.9818778e-01   4.3255997e-01
  -5.9817196e-01   3.6561621e-01
  -5.9755471e-01  -2.2504231e-01
  -5.9745823e-01   8.0190004e-01
  -5.9728330e-01  -6.2133616e-01
  -5.9719838e-01  -4.2292585e-01
  -5.9719458e-01  -3.5738869e-01
  -5.9706947e-01  -2.9132423e-01
  -5.9665679e-01  -4.8816520e-01
  -5.9626053e-01  -5.5427726e-01
  -5.9462686e-01   7.6486584e-01
  -5.8840804e-01  -7.2025967e-01
  -5.8696264e-01  -8.0961402e-01
  -5.8521411e-01   6.6757243e-01
  -5.8349678e-01   7.2860972e-01
  -5.8336942e-01  -7.7573821e-01
  -5.8290071e-01   6.0109325e-01
  -5.8187375e-01  -6.5693285e-01
  -5.8091783e-01   6.9598414e-02
  -5.8081871e-01   4.3861069e-03
  -5.8073776e-01   1.3491383e-01
  -5.8071687e-01   5.3333950e-01
  -5.8043420e-01  -6.0875561e-02
  -5.8034519e-01   2.0045959e-01
  -5.7988832e-01   2.6629455e-01
  -5.7978306e-01  -1.2633702e-01
  -5.7965097e-01   4.6609738e-01
  -5.7942334e-01   3.3247537e-01
  -5.7924825e-01   3.9911539e-01
  -5.7895174e-01  -1.9212279e-01
  -5.7824667e-01  -2.5824009e-01
  -5.7808289e-01  -3.9024469e-01
  -5.7806792e-01  -3.2440519e-01
  -5.7778336e-01  -4.5579833e-01
  -5.7777255e-01  -5.8856029e-01
  -5.7741094e-01  -5.2178337e-01
  -5.6631942e-01   8.2418585e-01
  -5.6608726e-01  -6.8925612e-01
  -5.6531801e-01  -7.4906032e-01
  -5.6498446e-01   6.3332623e-01
  -5.6471425e-01   6.9708618e-01
  -5.6286599e-01   5.6673562e-01
  -5.6167784e-01   7.8736569e-01
  -5.6160367e-01   3.6996330e-02
  -5.6158254e-01   1.0230373e-01
  -5.6138156e-01  -2.8290828e-02
  -5.6134394e-01   1.6775946e-01
  -5.6128459e-01   4.9949292e-01
  -5.6098232e-01   2.3345819e-01
  -5.6092142e-01  -9.3689898e-02
  -5.6061165e-01   2.9944839e-01
  -5.6056218e-01  -6.2336465e-01
  -5.6052523e-01   4.3252990e-01
  -5.6034925e-01   3.6581499e-01
  -5.6025840e-01  -1.5932127e-01
  -5.5953909e-01  -2.2525420e-01
  -5.5909885e-01  -2.9138593e-01
  -5.5900509e-01  -3.5740791e-01
  -5.5895384e-01  -8.2919877e-01
  -5.5883652e-01  -4.2320524e-01
  -5.5882843e-01   7.5456984e-01
  -5.5860981e-01  -5.5572509e-01
  -5.5854411e-01  -4.8918025e-01
  -5.4981531e-01  -7.8822888e-01
  -5.4625443e-01  -7.1993276e-01
  -5.4550409e-01   6.6419359e-01
  -5.4481176e-01   5.9931706e-01
  -5.4368146e-01  -6.5678293e-01
  -5.4310325e-01   5.3273988e-01
  -5.4235763e-01   6.9667603e-02
  -5.4225822e-01   4.3268422e-03
  -5.4225722e-01   1.3508128e-01
  -5.4200555e-01   2.0067311e-01
  -5.4196266e-01   4.6583564e-01
  -5.4195165e-01  -6.1056710e-02
  -5.4170940e-01   2.6651194e-01
  -5.4152477e-01   7.2602984e-01
  -5.4146402e-01   3.9911904e-01
  -5.4145664e-01   3.3265169e-01
  -5.4145112e-01  -1.2659335e-01
  -5.4082048e-01  -1.9237076e-01
  -5.4052952e-01  -5.8998996e-01
  -5.4025963e-01  -2.5839151e-01
  -5.4000120e-01  -3.2447862e-01
  -5.3986066e-01  -3.9044627e-01
  -5.3964628e-01  -4.5646501e-01
  -5.3958521e-01  -5.2285695e-01
  -5.3536032e-01   8.4462378e-01
  -5.3198228e-01   8.0455002e-01
  -5.2837134e-01  -7.5561445e-01
  -5.2695077e-01  -8.4989581e-01
  -5.2605864e-01  -8.1491316e-01
  -5.2591686e-01   6.3100002e-01
  -5.2581824e-01  -6.8900305e-01
  -5.2485788e-01   5.6550553e-01
  -5.2443295e-01   7.6393209e-01
  -5.2428746e-01   6.9442665e-01
  -5.2353905e-01   4.9900416e-01
  -5.2310563e-01   1.0239982e-01
  -5.2309391e-01   3.6987880e-02
  -5.2296466e-01   1.6792348e-01
  -5.2290723e-01  -2.8412612e-02
  -5.2280802e-01  -6.2367929e-01
  -5.2274058e-01   2.3364190e-01
  -5.2273319e-01   4.3234782e-01
  -5.2254661e-01  -9.3901227e-02
  -5.2253011e-01   2.9960592e-01
  -5.2244813e-01   3.6585154e-01
  -5.2203786e-01  -1.5956651e-01
  -5.2148152e-01  -2.2545822e-01
  -5.2108425e-01  -2.9151546e-01
  -5.2105655e-01  -5.5676226e-01
  -5.2089291e-01  -3.5757535e-01
  -5.2072381e-01  -4.2365016e-01
  -5.2061748e-01  -4.8995459e-01
  -5.0785462e-01  -7.2301977e-01
  -5.0773897e-01  -7.8641748e-01
  -5.0617487e-01   5.9768717e-01
  -5.0578322e-01   6.6211332e-01
  -5.0511486e-01   5.3186821e-01
  -5.0508322e-01   7.2878998e-01
  -5.0497930e-01  -6.5675934e-01
  -5.0412263e-01   4.6546635e-01
  -5.0406570e-01   8.2987588e-01
  -5.0390978e-01   6.9696363e-02
  -5.0386555e-01   1.3518920e-01
  -5.0381307e-01   4.2570451e-03
  -5.0371944e-01   2.0081999e-01
  -5.0357851e-01   3.9900841e-01
  -5.0356596e-01  -6.1217891e-02
  -5.0355221e-01   2.6664933e-01
  -5.0344931e-01   3.3271079e-01
  -5.0317640e-01  -1.2681207e-01
  -5.0281843e-01  -5.9044928e-01
  -5.0268972e-01  -1.9259140e-01
  -5.0223587e-01  -2.5856500e-01
  -5.0195933e-01  -3.2464171e-01
  -5.0184946e-01  -5.2361692e-01
  -5.0179135e-01  -3.9075707e-01
  -5.0167236e-01  -4.5701567e-01
  -5.0062718e-01   8.6566300e-01
  -4.9909952e-01   7.8995386e-01
  -4.9804818e-01  -8.6714936e-01
  -4.9171164e-01  -8.2487850e-01
  -4.8835918e-01  -7.5526461e-01
  -4.8729887e-01  -6.9031939e-01
  -4.8671586e-01   6.2940832e-01
  -4.8647008e-01   5.6434708e-01
  -4.8618716e-01   6.9494886e-01
  -4.8554410e-01   4.9838255e-01
  -4.8481936e-01   4.3208615e-01
  -4.8472434e-01   1.0245197e-01
  -4.8470465e-01  -6.2385215e-01
  -4.8469074e-01   3.6959919e-02
  -4.8465385e-01   1.6802870e-01
  -4.8453309e-01   2.3375657e-01
  -4.8453217e-01  -2.8525705e-02
  -4.8447722e-01   3.6579783e-01
  -4.8443984e-01   2.9967408e-01
  -4.8424614e-01  -9.4081956e-02
  -4.8385054e-01  -1.5977738e-01
  -4.8369580e-01   7.5767514e-01
  -4.8341396e-01  -2.2565395e-01
  -4.8329930e-01  -5.5722097e-01
  -4.8306869e-01  -2.9168824e-01
  -4.8286526e-01  -3.5781179e-01
  -4.8277718e-01  -4.9051159e-01
  -4.8273685e-01  -4.2404328e-01
  -4.7395734e-01   8.1622903e-01
  -4.7082119e-01  -7.9067935e-01
  -4.6860900e-01  -7.2306567e-01
  -4.6736526e-01   5.9647821e-01
  -4.6714973e-01   6.6176513e-01
  -4.6700495e-01   8.5073137e-01
  -4.6686278e-01   5.3103893e-01
  -4.6680215e-01  -6.5735814e-01
  -4.6675625e-01  -8.5007011e-01
  -4.6611040e-01   4.6502722e-01
  -4.6560226e-01   3.9883530e-01
  -4.6555650e-01   6.9698798e-02
  -4.6555143e-01   1.3525100e-01
  -4.6548110e-01   2.0090791e-01
  -4.6546372e-01   4.1858052e-03
  -4.6540699e-01   2.6671576e-01
  -4.6540485e-01   3.3269608e-01
  -4.6536275e-01   8.8512005e-01
  -4.6529691e-01   7.2553341e-01
  -4.6526207e-01  -6.1357611e-02
  -4.6495537e-01  -1.2699743e-01
  -4.6490985e-01  -5.9070518e-01
  -4.6488078e-01  -8.8537329e-01
  -4.6457558e-01  -1.9278759e-01
  -4.6420964e-01  -2.5874724e-01
  -4.6403750e-01  -5.2401776e-01
  -4.6395768e-01  -3.2484172e-01
  -4.6380893e-01  -3.9104610e-01
  -4.6377563e-01  -4.5742435e-01
  -4.5894450e-01   7.8636361e-01
  -4.5043254e-01  -7.5705263e-01
  -4.4968190e-01  -8.2052560e-01
  -4.4855356e-01  -6.9039516e-01
  -4.4800305e-01   6.2877143e-01
  -4.4791911e-01   5.6343972e-01
  -4.4736419e-01   4.9779046e-01
  -4.4678555e-01   4.3178268e-01
  -4.4677896e-01   6.9320806e-01
  -4.4671885e-01  -6.2419562e-01
  -4.4644674e-01   3.6569189e-01
  -4.4642396e-01   1.0247288e-01
  -4.4640236e-01   1.6808663e-01
  -4.4637638e-01   3.6922011e-02
  -4.4635367e-01   2.3381348e-01
  -4.4634015e-01   2.9968137e-01
  -4.4624032e-01  -2.8626767e-02
  -4.4601104e-01  -9.4234745e-02
  -4.4570073e-01  -1.5995808e-01
  -4.4544003e-01  -5.5748562e-01
  -4.4535743e-01  -2.2583647e-01
  -4.4507130e-01  -2.9187187e-01
  -4.4492138e-01  -4.9084028e-01
  -4.4489142e-01  -3.5803679e-01
  -4.4481264e-01  -4.2434662e-01
  -4.4318451e-01   7.5588557e-01
  -4.3958070e-01   8.2350829e-01
  -4.3490717e-01  -9.0047529e-01
  -4.3329458e-01   9.0125235e-01
  -4.3182341e-01  -8.5779090e-01
  -4.3075695e-01  -7.8867200e-01
  -4.3026524e-01  -7.2379921e-01
  -4.3020396e-01   8.6045806e-01
  -4.2873819e-01   5.9581734e-01
  -4.2847463e-01   5.3036848e-01
  -4.2846816e-01  -6.5742035e-01
  -4.2807298e-01   6.6067498e-01
  -4.2796847e-01   4.6460885e-01
  -4.2754529e-01   3.9863207e-01
  -4.2733001e-01   3.3263643e-01
  -4.2730317e-01   1.3527849e-01
  -4.2728390e-01   2.0094956e-01
  -4.2728239e-01   6.9684585e-02
  -4.2727213e-01   2.6673200e-01
  -4.2719457e-01   4.1178916e-03
  -4.2702841e-01  -6.1476754e-02
  -4.2700468e-01  -5.9094530e-01
  -4.2678518e-01  -1.2715350e-01
  -4.2648800e-01  -1.9295948e-01
  -4.2619780e-01  -2.5892091e-01
  -4.2617847e-01  -5.2425718e-01
  -4.2598682e-01  -3.2502974e-01
  -4.2588957e-01  -4.5768620e-01
  -4.2587278e-01  -3.9127792e-01
  -4.2560479e-01   7.2468837e-01
  -4.2263744e-01   7.9115987e-01
  -4.1227459e-01  -8.2297828e-01
  -4.1115736e-01  -7.5614323e-01
  -4.1017966e-01  -6.9067250e-01
  -4.0940975e-01   5.6286550e-01
  -4.0916191e-01   6.2799787e-01
  -4.0907906e-01   4.9730276e-01
  -4.0866265e-01   4.3149212e-01
  -4.0861615e-01  -6.2425836e-01
  -4.0836755e-01   3.6556046e-01
  -4.0823399e-01   2.9965024e-01
  -4.0820149e-01   1.6810968e-01
  -4.0819948e-01   2.3382953e-01
  -4.0819148e-01   1.0247240e-01
  -4.0813636e-01   3.6880018e-02
  -4.0801907e-01  -2.8714998e-02
  -4.0783415e-01  -9.4362713e-02
  -4.0763517e-01   6.9270215e-01
  -4.0759020e-01  -1.6011117e-01
  -4.0756056e-01  -5.5767276e-01
  -4.0732221e-01  -2.2599851e-01
  -4.0709353e-01  -2.9203824e-01
  -4.0704892e-01  -4.9104404e-01
  -4.0694903e-01  -3.5822244e-01
  -4.0690750e-01  -4.2455442e-01
  -4.0555032e-01  -8.8115967e-01
  -4.0551967e-01   7.5888468e-01
  -4.0520145e-01   8.2785471e-01
  -4.0346275e-01   8.8395357e-01
  -4.0045166e-01  -9.1631789e-01
  -3.9640943e-01   9.1807384e-01
  -3.9236044e-01  -7.8938408e-01
  -3.9137174e-01  -7.2338336e-01
  -3.9023508e-01  -6.5750899e-01
  -3.9007493e-01   5.9524057e-01
  -3.9007376e-01   5.2990987e-01
  -3.8979294e-01  -8.5122970e-01
  -3.8974967e-01   4.6426011e-01
  -3.8943083e-01   3.9843459e-01
  -3.8923889e-01   6.6028374e-01
  -3.8923282e-01   3.3255383e-01
  -3.8914826e-01   2.6671612e-01
  -3.8912302e-01   2.0095930e-01
  -3.8911059e-01   1.3528226e-01
  -3.8907462e-01   6.9660550e-02
  -3.8901748e-01  -5.9101166e-01
  -3.8899312e-01   4.0556216e-03
  -3.8885569e-01  -6.1577115e-02
  -3.8866252e-01  -1.2728348e-01
  -3.8843097e-01  -1.9310566e-01
  -3.8830153e-01  -5.2441011e-01
  -3.8820473e-01  -2.5907179e-01
  -3.8803735e-01  -3.2518645e-01
  -3.8800271e-01  -4.5785526e-01
  -3.8795568e-01  -3.9144577e-01
  -3.8768811e-01   7.2627010e-01
  -3.8635305e-01   7.9423620e-01
  -3.8600207e-01   8.5755655e-01
  -3.7246576e-01  -7.5633930e-01
  -3.7158420e-01  -6.9044510e-01
  -3.7155104e-01  -8.1990402e-01
  -3.7088889e-01   5.6243047e-01
  -3.7076649e-01   4.9695437e-01
  -3.7051136e-01  -6.2428399e-01
  -3.7049655e-01   6.2767747e-01
  -3.7048737e-01   4.3124741e-01
  -3.7025648e-01   3.6542907e-01
  -3.7017707e-01  -8.8709376e-01
  -3.7012589e-01   2.9959874e-01
  -3.7006899e-01   2.3381966e-01
  -3.7004435e-01   1.6810967e-01
  -3.7001617e-01   1.0245845e-01
  -3.6995890e-01   3.6837646e-02
  -3.6985825e-01  -2.8790748e-02
  -3.6970912e-01  -9.4468688e-02
  -3.6962690e-01  -5.5774122e-01
  -3.6952682e-01   6.9341302e-01
  -3.6951805e-01  -1.6023814e-01
  -3.6931093e-01  -2.2613450e-01
  -3.6916646e-01  -4.9117147e-01
  -3.6913326e-01  -2.9217592e-01
  -3.6913013e-01  -9.2937772e-01
  -3.6902299e-01  -3.5836253e-01
  -3.6900889e-01  -4.2469451e-01
  -3.6842821e-01   7.6060302e-01
  -3.6683568e-01   8.9451571e-01
  -3.6631451e-01   8.2719366e-01
  -3.6117283e-01   9.3249889e-01
  -3.5272002e-01  -7.2338213e-01
  -3.5245972e-01  -7.8806312e-01
  -3.5188333e-01  -6.5736604e-01
  -3.5172674e-01  -8.5335771e-01
  -3.5166737e-01   5.2958433e-01
  -3.5153121e-01   5.9497701e-01
  -3.5150536e-01   4.6400460e-01
  -3.5128481e-01   3.9826621e-01
  -3.5112433e-01   3.3246761e-01
  -3.5103713e-01   2.6668294e-01
  -3.5099930e-01  -5.9102563e-01
  -3.5099483e-01   2.0094942e-01
  -3.5097523e-01   6.6056768e-01
  -3.5096561e-01   1.3527139e-01
  -3.5092283e-01   6.9631747e-02
  -3.5084921e-01   4.0000991e-03
  -3.5073602e-01  -6.1660591e-02
  -3.5058327e-01  -1.2738990e-01
  -3.5040425e-01  -1.9322543e-01
  -3.5039140e-01  -5.2447783e-01
  -3.5023069e-01  -2.5919471e-01
  -3.5020918e-01   7.2702837e-01
  -3.5011308e-01  -4.5796283e-01
  -3.5010235e-01  -3.2530755e-01
  -3.5004791e-01  -3.9156372e-01
  -3.4875139e-01   7.9413552e-01
  -3.4855312e-01   8.6353625e-01
  -3.4260309e-01  -9.0825643e-01
  -3.3318611e-01  -7.5574141e-01
  -3.3310213e-01  -9.4289075e-01
  -3.3308595e-01  -6.9037280e-01
  -3.3252512e-01  -8.2092844e-01
  -3.3245108e-01   4.9671472e-01
  -3.3244677e-01   5.6221846e-01
  -3.3232905e-01  -6.2419703e-01
  -3.3229470e-01   4.3106528e-01
  -3.3215694e-01   6.2776242e-01
  -3.3213132e-01   3.6531521e-01
  -3.3202215e-01   2.9954202e-01
  -3.3196161e-01   2.3379605e-01
  -3.3192560e-01   1.6809628e-01
  -3.3188953e-01   1.0243733e-01
  -3.3183454e-01   3.6797421e-02
  -3.3174937e-01  -2.8854725e-02
  -3.3166230e-01  -5.5775957e-01
  -3.3166044e-01   6.9376247e-01
  -3.3162992e-01  -9.4555097e-02
  -3.3148140e-01  -1.6034063e-01
  -3.3140632e-01   9.0197509e-01
  -3.3132315e-01  -2.2624353e-01
  -3.3126588e-01  -4.9123634e-01
  -3.3118803e-01  -2.9228316e-01
  -3.3111263e-01  -4.2478675e-01
  -3.3110736e-01  -3.5846435e-01
  -3.3094151e-01   7.6031440e-01
  -3.3018925e-01   8.2940634e-01
  -3.2765255e-01   9.4479829e-01
  -3.2742335e-01  -8.8020694e-01
  -3.1386033e-01  -7.2308332e-01
  -3.1355358e-01  -6.5729069e-01
  -3.1342631e-01  -7.8854565e-01
  -3.1331312e-01   5.2941899e-01
  -3.1326137e-01   4.6383177e-01
  -3.1318087e-01   5.9497568e-01
  -3.1313125e-01   3.9813954e-01
  -3.1303075e-01   8.6489512e-01
  -3.1301593e-01   3.3239142e-01
  -3.1294156e-01   2.6664451e-01
  -3.1292914e-01  -5.9097902e-01
  -3.1289670e-01   2.0092967e-01
  -3.1286885e-01   6.6073756e-01
  -3.1286187e-01   1.3525301e-01
  -3.1281873e-01   6.9602000e-02
  -3.1275448e-01   3.9518976e-03
  -3.1266241e-01  -6.1728918e-02
  -3.1254275e-01  -1.2747513e-01
  -3.1245891e-01  -5.2450316e-01
  -3.1243404e-01   7.2684371e-01
  -3.1240578e-01  -1.9332027e-01
  -3.1227882e-01   7.9417975e-01
  -3.1227462e-01  -2.5929023e-01
  -3.1221572e-01  -4.5802381e-01
  -3.1217897e-01  -3.2539750e-01
  -3.1214586e-01  -3.9164435e-01
  -3.1014913e-01  -8.5111430e-01
  -3.0678682e-01  -9.1646639e-01
  -3.0131736e-01   9.2382529e-01
  -2.9846138e-01  -9.5442171e-01
  -2.9451609e-01  -6.9022170e-01
  -2.9450081e-01   8.2762028e-01
  -2.9435882e-01  -7.5595774e-01
  -2.9417184e-01   4.9659010e-01
  -2.9414140e-01  -6.2414231e-01
  -2.9412467e-01   5.6218533e-01
  -2.9410645e-01   4.3094349e-01
  -2.9400816e-01   3.6522891e-01
  -2.9393332e-01   6.2784955e-01
  -2.9392929e-01   2.9949092e-01
  -2.9387748e-01   2.3376827e-01
  -2.9384109e-01   1.6807701e-01
  -2.9380478e-01   1.0241384e-01
  -2.9375554e-01   3.6761148e-02
  -2.9368516e-01  -2.8907680e-02
  -2.9366457e-01  -5.5774138e-01
  -2.9363801e-01   6.9369230e-01
  -2.9359076e-01  -9.4624167e-02
  -2.9357401e-01   7.6009650e-01
  -2.9347668e-01  -1.6042112e-01
  -2.9335733e-01  -2.2632777e-01
  -2.9335238e-01  -4.9126699e-01
  -2.9325664e-01  -2.9236357e-01
  -2.9321564e-01  -4.2484353e-01
  -2.9319992e-01  -3.5853615e-01
  -2.9237814e-01  -8.2039325e-01
  -2.9046701e-01   8.9353623e-01
  -2.8962798e-01  -8.8655201e-01
  -2.8857980e-01   9.5745585e-01
  -2.7542292e-01   8.5752651e-01
  -2.7523739e-01  -7.2320866e-01
  -2.7520158e-01  -6.5721634e-01
  -2.7507014e-01   7.9300415e-01
  -2.7504481e-01   4.6374124e-01
  -2.7503722e-01   5.2937973e-01
  -2.7498669e-01   3.9805585e-01
  -2.7492089e-01   5.9502279e-01
  -2.7491772e-01   3.3233348e-01
  -2.7486452e-01   2.6660951e-01
  -2.7484820e-01  -5.9094833e-01
  -2.7482677e-01   2.0090752e-01
  -2.7479429e-01   1.3523249e-01
  -2.7475557e-01   6.9574134e-02
  -2.7470466e-01   6.6073916e-01
  -2.7470188e-01   3.9113270e-03
  -2.7462859e-01  -6.1783683e-02
  -2.7458561e-01   7.2670062e-01
  -2.7453627e-01  -1.2754178e-01
  -2.7450744e-01  -5.2450377e-01
  -2.7443292e-01  -1.9339311e-01
  -2.7433547e-01  -2.5936197e-01
  -2.7431328e-01  -4.5805733e-01
  -2.7426614e-01  -3.2546219e-01
  -2.7424778e-01  -3.9169704e-01
  -2.7417009e-01  -7.8853662e-01
  -2.7220198e-01  -9.2561613e-01
  -2.7217645e-01  -8.5522783e-01
  -2.6429983e-01   9.2885336e-01
  -2.6394746e-01  -9.6453706e-01
  -2.5608651e-01  -6.9030926e-01
  -2.5596760e-01   8.2422740e-01
  -2.5594972e-01  -6.2411102e-01
  -2.5594694e-01   4.9655598e-01
  -2.5594146e-01   4.3088038e-01
  -2.5589852e-01   3.6517289e-01
  -2.5587408e-01   5.6221323e-01
  -2.5585297e-01   2.9945222e-01
  -2.5581699e-01   2.3374317e-01
  -2.5578754e-01   1.6805740e-01
  -2.5575639e-01   1.0239150e-01
  -2.5571543e-01   3.6730099e-02
  -2.5570885e-01   6.2788648e-01
  -2.5570409e-01   8.8851553e-01
  -2.5569216e-01   7.5948747e-01
  -2.5565928e-01  -2.8950360e-02
  -2.5565903e-01  -5.5773021e-01
  -2.5558630e-01  -9.4678092e-02
  -2.5556046e-01  -7.5614089e-01
  -2.5554873e-01   6.9365188e-01
  -2.5550017e-01  -1.6048267e-01
  -2.5543020e-01  -4.9127897e-01
  -2.5541170e-01  -2.2639087e-01
  -2.5533837e-01  -2.9242195e-01
  -2.5531937e-01  -4.2487785e-01
  -2.5529983e-01  -3.5858490e-01
  -2.5438127e-01  -8.2270576e-01
  -2.5377911e-01  -8.9243081e-01
  -2.5158480e-01   9.6783526e-01
  -2.3715590e-01  -9.2978466e-01
  -2.3693796e-01  -6.5728507e-01
  -2.3686875e-01   4.6371630e-01
  -2.3686393e-01   3.9801398e-01
  -2.3683695e-01   3.3229697e-01
  -2.3681840e-01   5.2939925e-01
  -2.3680847e-01   2.6658344e-01
  -2.3678356e-01   2.0088822e-01
  -2.3677096e-01  -5.9094152e-01
  -2.3675869e-01   1.3521372e-01
  -2.3672771e-01   6.9550168e-02
  -2.3672518e-01  -7.2342423e-01
  -2.3668775e-01   5.9507349e-01
  -2.3668535e-01   3.8784880e-03
  -2.3666928e-01   8.5545545e-01
  -2.3662891e-01  -6.1826408e-02
  -2.3655935e-01  -1.2759254e-01
  -2.3655323e-01  -5.2450564e-01
  -2.3651242e-01   6.6076865e-01
  -2.3648296e-01  -1.9344748e-01
  -2.3646559e-01   7.9144225e-01
  -2.3644312e-01   7.2644099e-01
  -2.3641215e-01  -2.5941414e-01
  -2.3640936e-01  -4.5807530e-01
  -2.3636334e-01  -3.2550705e-01
  -2.3635455e-01  -3.9173067e-01
  -2.3603369e-01  -7.8991473e-01
  -2.3558827e-01  -8.5807768e-01
  -2.3305467e-01   9.1382627e-01
  -2.3104581e-01  -9.7294287e-01
  -2.2457198e-01   9.4593111e-01
  -2.1781705e-01  -6.2416751e-01
  -2.1781061e-01   3.6514687e-01
  -2.1780904e-01   4.3086513e-01
  -2.1779706e-01   2.9942905e-01
  -2.1779303e-01  -8.9293692e-01
  -2.1778027e-01   2.3372513e-01
  -2.1777363e-01  -6.9050056e-01
  -2.1776826e-01   4.9657280e-01
  -2.1776216e-01   1.6804131e-01
  -2.1773966e-01   1.0237283e-01
  -2.1770864e-01   3.6705101e-02
  -2.1766611e-01  -2.8983542e-02
  -2.1766116e-01  -5.5773608e-01
  -2.1766099e-01   5.6226692e-01
  -2.1761159e-01  -9.4718988e-02
  -2.1754829e-01  -1.6052838e-01
  -2.1750987e-01  -4.9128802e-01
  -2.1748829e-01   6.2795370e-01
  -2.1748436e-01  -2.2643667e-01
  -2.1743252e-01  -2.9246277e-01
  -2.1742644e-01  -4.2489821e-01
  -2.1740750e-01  -3.5861690e-01
  -2.1738518e-01  -7.5699430e-01
  -2.1731386e-01   6.9359159e-01
  -2.1714906e-01   7.5881601e-01
  -2.1702602e-01   8.2324009e-01
  -2.1698254e-01  -8.2431381e-01
  -2.1486707e-01   8.8402568e-01
  -2.1034393e-01   9.7762745e-01
  -2.0820448e-01  -9.4831839e-01
  -1.9877833e-01   3.3228232e-01
  -1.9877475e-01   2.6656912e-01
  -1.9877221e-01  -6.5743757e-01
  -1.9876926e-01   3.9800730e-01
  -1.9876553e-01   2.0087512e-01
  -1.9875140e-01   1.3519935e-01
  -1.9873564e-01  -5.9098710e-01
  -1.9873092e-01   4.6373328e-01
  -1.9873020e-01   6.9531455e-02
  -1.9869952e-01   3.8532902e-03
  -1.9865826e-01  -6.1858535e-02
  -1.9863893e-01   5.2945131e-01
  -1.9860883e-01  -5.2451637e-01
  -1.9860779e-01  -1.2763000e-01
  -1.9857839e-01  -7.2397252e-01
  -1.9855311e-01  -1.9348675e-01
  -1.9851059e-01  -4.5808724e-01
  -1.9850336e-01  -2.5945067e-01
  -1.9847788e-01   5.9515640e-01
  -1.9847048e-01  -3.2553684e-01
  -1.9846772e-01  -3.9175126e-01
  -1.9826917e-01  -8.5830666e-01
  -1.9826309e-01   6.6081470e-01
  -1.9823586e-01  -7.9091314e-01
  -1.9799227e-01   7.2621852e-01
  -1.9765860e-01   7.9106042e-01
  -1.9663202e-01   9.1830397e-01
  -1.9630232e-01   8.5379813e-01
  -1.9451474e-01  -9.1891762e-01
  -1.9276286e-01  -9.8124537e-01
  -1.8420498e-01   9.5169476e-01
  -1.7976682e-01   2.3371649e-01
  -1.7976367e-01   2.9942224e-01
  -1.7976224e-01   1.6803116e-01
  -1.7976027e-01  -6.2428097e-01
  -1.7975041e-01   1.0235943e-01
  -1.7974824e-01   3.6514704e-01
  -1.7973018e-01   3.6686608e-02
  -1.7970915e-01   4.3088348e-01
  -1.7970060e-01  -2.9008020e-02
  -1.7969471e-01  -5.5777029e-01
  -1.7968710e-01  -6.9086205e-01
  -1.7966209e-01  -9.4748797e-02
  -1.7962679e-01   4.9662180e-01
  -1.7961757e-01  -1.6056114e-01
  -1.7960020e-01  -4.9129878e-01
  -1.7957323e-01  -2.2646863e-01
  -1.7954064e-01  -4.2491046e-01
  -1.7953830e-01  -2.9248997e-01
  -1.7952350e-01  -3.5863660e-01
  -1.7948033e-01   5.6235263e-01
  -1.7943424e-01  -7.5765701e-01
  -1.7926050e-01   6.2805018e-01
  -1.7913575e-01  -8.2460385e-01
  -1.7895021e-01   6.9359541e-01
  -1.7852187e-01   7.5877906e-01
  -1.7748890e-01   8.2280466e-01
  -1.7690323e-01   8.8745782e-01
  -1.7682239e-01  -8.8823933e-01
  -1.7089722e-01  -9.5190207e-01
  -1.7033876e-01   9.8538556e-01
  -1.6077085e-01   2.0087002e-01
  -1.6076897e-01   1.3519099e-01
  -1.6076354e-01   2.6656748e-01
  -1.6075859e-01   6.9518799e-02
  -1.6075739e-01  -5.9106506e-01
  -1.6075361e-01  -6.5767640e-01
  -1.6074367e-01   3.3228751e-01
  -1.6073951e-01   3.8354852e-03
  -1.6071197e-01  -6.1881390e-02
  -1.6070308e-01   3.9802729e-01
  -1.6068863e-01  -5.2453890e-01
  -1.6067763e-01  -1.2765644e-01
  -1.6064057e-01  -1.9351391e-01
  -1.6062677e-01   4.6377918e-01
  -1.6062230e-01  -4.5809567e-01
  -1.6060754e-01  -2.5947496e-01
  -1.6059625e-01  -7.2442881e-01
  -1.6058901e-01  -3.9176268e-01
  -1.6058720e-01  -3.2555515e-01
  -1.6049441e-01   5.2953342e-01
  -1.6028655e-01   5.9527105e-01
  -1.6023780e-01  -7.9125031e-01
  -1.5997728e-01   6.6092470e-01
  -1.5952861e-01   7.2636598e-01
  -1.5950602e-01   9.2223204e-01
  -1.5869178e-01   7.9119596e-01
  -1.5863605e-01  -8.5647429e-01
  -1.5794828e-01   8.5625951e-01
  -1.5574134e-01  -9.8779787e-01
  -1.5519394e-01  -9.2089888e-01
  -1.4541414e-01   9.5691188e-01
  -1.4180271e-01  -6.2443286e-01
  -1.4178500e-01   1.6802824e-01
  -1.4178468e-01   1.0235224e-01
  -1.4177550e-01   3.6674764e-02
  -1.4177539e-01   2.3371812e-01
  -1.4177029e-01  -5.5781739e-01
  -1.4175806e-01  -2.9024578e-02
  -1.4175297e-01   2.9943081e-01
  -1.4173355e-01  -9.4769221e-02
  -1.4172757e-01  -6.9117541e-01
  -1.4171143e-01   3.6516834e-01
  -1.4170910e-01  -4.9131055e-01
  -1.4170461e-01  -1.6058340e-01
  -1.4167602e-01  -2.2648971e-01
  -1.4166446e-01  -4.2491612e-01
  -1.4165455e-01  -2.9250668e-01
  -1.4164800e-01  -3.5864699e-01
  -1.4163928e-01   4.3092671e-01
  -1.4151909e-01   4.9669791e-01
  -1.4143278e-01  -7.5798972e-01
  -1.4132944e-01   5.6246836e-01
  -1.4104187e-01   6.2820100e-01
  -1.4061678e-01   6.9382508e-01
  -1.4030289e-01  -8.2407383e-01
  -1.3992086e-01   7.5915435e-01
  -1.3943076e-01   8.9084203e-01
  -1.3916937e-01   8.2462318e-01
  -1.3775736e-01  -8.8958875e-01
  -1.3464536e-01  -9.5674508e-01
  -1.3088414e-01   9.9139767e-01
  -1.2284700e-01  -5.9115193e-01
  -1.2283361e-01  -6.5788030e-01
  -1.2280863e-01   6.9512550e-02
  -1.2280792e-01   1.3518942e-01
  -1.2280078e-01   3.8247089e-03
  -1.2279838e-01  -5.2456085e-01
  -1.2279721e-01   2.0087362e-01
  -1.2278563e-01  -6.1896143e-02
  -1.2277375e-01   2.6657811e-01
  -1.2276507e-01  -1.2767378e-01
  -1.2274785e-01  -4.5809902e-01
  -1.2274245e-01  -1.9353151e-01
  -1.2273228e-01   3.3230955e-01
  -1.2272281e-01  -2.5948984e-01
  -1.2271880e-01  -3.9176635e-01
  -1.2271259e-01  -3.2556470e-01
  -1.2266364e-01   3.9806815e-01
  -1.2264139e-01  -7.2471293e-01
  -1.2255359e-01   4.6384897e-01
  -1.2242874e-01   9.2608635e-01
  -1.2238264e-01   5.2964252e-01
  -1.2212429e-01   5.9542897e-01
  -1.2187279e-01  -7.9127105e-01
  -1.2174263e-01   6.6117479e-01
  -1.2116058e-01   7.2680717e-01
  -1.2048034e-01   7.9257809e-01
  -1.2029824e-01   8.5895753e-01
  -1.2004304e-01  -8.5756845e-01
  -1.1856360e-01  -9.9294646e-01
  -1.1760787e-01  -9.2469424e-01
  -1.0723802e-01   9.6115270e-01
  -1.0391949e-01  -6.2454877e-01
  -1.0389125e-01  -5.5785567e-01
  -1.0384023e-01   3.6669473e-02
  -1.0383858e-01   1.0235161e-01
  -1.0383809e-01  -4.9131423e-01
  -1.0383409e-01  -2.9033955e-02
  -1.0382739e-01   1.6803298e-01
  -1.0382712e-01  -6.9138282e-01
  -1.0382190e-01  -9.4781688e-02
  -1.0380606e-01  -1.6059723e-01
  -1.0380393e-01   2.3372985e-01
  -1.0379821e-01  -4.2491436e-01
  -1.0379027e-01  -2.2650243e-01
  -1.0378003e-01  -3.5864986e-01
  -1.0377958e-01  -2.9251548e-01
  -1.0376354e-01   2.9945297e-01
  -1.0369854e-01   3.6520694e-01
  -1.0359717e-01   4.3099054e-01
  -1.0344300e-01   4.9679787e-01
  -1.0334417e-01  -7.5819066e-01
  -1.0321370e-01   5.6261823e-01
  -1.0287990e-01   6.2843913e-01
  -1.0239470e-01   6.9424610e-01
  -1.0230237e-01   8.9395830e-01
  -1.0208992e-01  -8.2497782e-01
  -1.0180930e-01   7.6020950e-01
  -1.0146554e-01   8.2668785e-01
  -1.0006463e-01  -8.9235169e-01
  -9.8145659e-02  -9.6081839e-01
  -9.1696154e-02   9.9578703e-01
  -8.5349503e-02   9.2919802e-01
  -8.4988830e-02  -5.9119861e-01
  -8.4976610e-02  -6.5800023e-01
  -8.4936317e-02  -5.2456548e-01
  -8.4885671e-02  -4.5809195e-01
  -8.4878971e-02   3.8205278e-03
  -8.4876189e-02   6.9512714e-02
  -8.4875044e-02  -6.1903790e-02
  -8.4866426e-02  -1.2768362e-01
  -8.4864708e-02   1.3519483e-01
  -8.4855809e-02  -1.9354161e-01
  -8.4855608e-02  -3.9176278e-01
  -8.4846968e-02  -2.5949770e-01
  -8.4844855e-02  -3.2556762e-01
  -8.4841818e-02   2.0088580e-01
  -8.4803248e-02   2.6659991e-01
  -8.4742266e-02   3.3234585e-01
  -8.4715198e-02  -7.2491324e-01
  -8.4648870e-02   3.9812647e-01
  -8.4509258e-02   4.6393950e-01
  -8.4305401e-02   5.2977921e-01
  -8.4015110e-02   5.9564261e-01
  -8.3914934e-02  -7.9196601e-01
  -8.3610202e-02   6.6154105e-01
  -8.3119182e-02   7.2760400e-01
  -8.3047483e-02   8.6135054e-01
  -8.2747743e-02   7.9411082e-01
  -8.2408833e-02  -8.5952282e-01
  -8.1018832e-02  -9.9671257e-01
  -8.0504919e-02  -9.2792834e-01
  -6.9301832e-02   9.6416752e-01
  -6.6087481e-02  -6.2458668e-01
  -6.6044323e-02  -5.5785305e-01
  -6.5990418e-02  -6.9150338e-01
  -6.5982072e-02  -4.9129954e-01
  -6.5938601e-02  -4.2490342e-01
  -6.5924414e-02  -2.9036814e-02
  -6.5923211e-02  -9.4787343e-02
  -6.5920102e-02   3.6670465e-02
  -6.5918620e-02  -1.6060426e-01
  -6.5917278e-02  -3.5864683e-01
  -6.5913374e-02  -2.2650882e-01
  -6.5911205e-02  -2.9251862e-01
  -6.5908207e-02   1.0235749e-01
  -6.5886065e-02   1.6804523e-01
  -6.5849698e-02   2.3375094e-01
  -6.5793059e-02   2.9948697e-01
  -6.5707364e-02   3.6526013e-01
  -6.5580720e-02   4.3107201e-01
  -6.5539134e-02  -7.5865696e-01
  -6.5398288e-02   4.9692055e-01
  -6.5304371e-02   8.9630578e-01
  -6.5143718e-02   5.6280592e-01
  -6.4801475e-02   6.2874577e-01
  -6.4529443e-02  -8.2629122e-01
  -6.4392302e-02   6.9484087e-01
  -6.4109342e-02   8.2843853e-01
  -6.4047640e-02   7.6131393e-01
  -6.2912809e-02  -8.9468910e-01
  -6.1291548e-02  -9.6374087e-01
  -5.2689226e-02   9.9861096e-01
  -4.8232279e-02   9.3124920e-01
  -4.7178761e-02  -6.5802101e-01
  -4.7162697e-02  -5.9117317e-01
  -4.7089180e-02  -5.2453462e-01
  -4.7029183e-02  -4.5807047e-01
  -4.6995700e-02  -3.9175284e-01
  -4.6986812e-02  -7.2515365e-01
  -4.6981538e-02  -3.2556606e-01
  -4.6978076e-02  -1.2768714e-01
  -4.6977700e-02  -1.9354585e-01
  -4.6977585e-02  -2.5950055e-01
  -4.6976118e-02  -6.1905128e-02
  -4.6969800e-02   3.8224839e-03
  -4.6957131e-02   6.9519047e-02
  -4.6935589e-02   1.3520698e-01
  -4.6901481e-02   2.0090599e-01
  -4.6849294e-02   2.6663164e-01
  -4.6771136e-02   3.3239437e-01
  -4.6656485e-02   3.9819950e-01
  -4.6492545e-02   4.6404854e-01
  -4.6397885e-02  -7.9275893e-01
  -4.6266413e-02   5.2994336e-01
  -4.5970108e-02   5.9589859e-01
  -4.5963447e-02   8.6301763e-01
  -4.5623347e-02   6.6198695e-01
  -4.5319222e-02   7.2838205e-01
  -4.5284339e-02   7.9533233e-01
  -4.5243638e-02  -8.6107439e-01
  -4.3537322e-02  -9.3010199e-01
  -4.3106680e-02  -9.9907048e-01
  -3.1498349e-02   9.6586372e-01
  -2.8321808e-02   8.9764545e-01
  -2.8292059e-02  -6.2452345e-01
  -2.8282083e-02  -6.9154682e-01
  -2.8209096e-02  -5.5779107e-01
  -2.8128222e-02  -4.9125980e-01
  -2.8079319e-02  -4.2488393e-01
  -2.8056416e-02  -3.5864008e-01
  -2.8047023e-02  -2.9251815e-01
  -2.8042673e-02  -2.2651049e-01
  -2.8039007e-02  -1.6060567e-01
  -2.8033633e-02  -9.4787026e-02
  -2.8025340e-02  -7.5902794e-01
  -2.8024832e-02  -2.9033719e-02
  -2.8010887e-02   3.6677362e-02
  -2.7989543e-02   1.0236954e-01
  -2.7957448e-02   1.6806446e-01
  -2.7909575e-02   2.3378045e-01
  -2.7838719e-02   2.9953126e-01
  -2.7735332e-02   3.6532566e-01
  -2.7588022e-02   4.3116835e-01
  -2.7385507e-02   4.9706344e-01
  -2.7333112e-02  -8.2717766e-01
  -2.7122475e-02   5.6302212e-01
  -2.6892724e-02   8.2953567e-01
  -2.6817702e-02   6.2909044e-01
  -2.6545654e-02   6.9539071e-01
  -2.6472132e-02   7.6213279e-01
  -2.5989374e-02  -8.9608506e-01
  -2.4149245e-02  -9.6537595e-01
  -1.3861036e-02   9.9990393e-01
  -1.1078281e-02   9.3211003e-01
  -9.4485121e-03  -6.5791938e-01
  -9.4367430e-03  -7.2519816e-01
  -9.3456353e-03  -5.9106151e-01
  -9.2372513e-03  -5.2446369e-01
  -9.1675803e-03  -4.5803577e-01
  -9.1394289e-03  -7.9310135e-01
  -9.1341625e-03  -3.9173942e-01
  -9.1199425e-03  -3.2556232e-01
  -9.1122592e-03  -2.5950004e-01
  -9.1052087e-03  -1.9354538e-01
  -9.0964601e-03  -1.2768516e-01
  -9.0848009e-03  -6.1900735e-02
  -9.0690101e-03   3.8301353e-03
  -9.0472731e-03   6.9531130e-02
  -9.0166848e-03   1.3522532e-01
  -8.9727264e-03   2.0093338e-01
  -8.9087954e-03   2.6667205e-01
  -8.9022419e-03   8.6377352e-01
  -8.8160451e-03   3.3245333e-01
  -8.6839600e-03   3.9828478e-01
  -8.5022562e-03   4.6417235e-01
  -8.3024817e-03  -8.6177019e-01
  -8.2654786e-03   5.3012667e-01
  -7.9877330e-03   5.9617634e-01
  -7.9076928e-03   7.9599978e-01
  -7.7304020e-03   6.6239414e-01
  -7.6294481e-03   7.2893005e-01
  -6.6049629e-03  -9.3105951e-01
  -4.8928982e-03  -9.9998803e-01
   6.1711619e-03   9.6620897e-01
   8.7108967e-03   8.9789305e-01
   9.3287544e-03  -7.5895217e-01
   9.3394047e-03  -6.9136759e-01
   9.4880543e-03  -6.2434361e-01
   9.6403892e-03  -5.5767136e-01
   9.6878848e-03  -8.2728049e-01
   9.7397894e-03  -4.9120058e-01
   9.7871876e-03  -4.2486065e-01
   9.8058600e-03  -3.5863272e-01
   9.8152344e-03  -2.9251592e-01
   9.8243662e-03  -2.2650858e-01
   9.8359870e-03  -1.6060220e-01
   9.8506662e-03  -9.4781255e-02
   9.8688558e-03  -2.9025094e-02
   9.8917029e-03   3.6689724e-02
   9.9215154e-03   1.0238720e-01
   9.9622167e-03   1.6808990e-01
   1.0019797e-02   2.3381727e-01
   1.0102530e-02   2.9958437e-01
   1.0220454e-02   3.6540153e-01
   1.0337265e-02   8.2986251e-01
   1.0383455e-02   4.3127623e-01
   1.0597250e-02   4.9721845e-01
   1.0821637e-02  -8.9636449e-01
   1.0854096e-02   5.6325042e-01
   1.1077831e-02   7.6253070e-01
   1.1109352e-02   6.2941349e-01
   1.1248775e-02   6.9578767e-01
   1.3190663e-02  -9.6566737e-01
   2.4749326e-02   9.9969369e-01
   2.6108665e-02   9.3174173e-01
   2.8013740e-02  -7.9274143e-01
   2.8046252e-02  -7.2484137e-01
   2.8248441e-02   8.6359449e-01
   2.8270344e-02  -6.5762669e-01
   2.8495546e-02  -5.9087099e-01
   2.8532888e-02  -8.6144882e-01
   2.8642009e-02  -5.2436697e-01
   2.8709969e-02  -4.5799742e-01
   2.8733307e-02  -3.9172736e-01
   2.8742127e-02  -3.2555884e-01
   2.8751161e-02  -2.5949736e-01
   2.8764469e-02  -1.9354082e-01
   2.8781951e-02  -1.2767807e-01
   2.8802972e-02  -6.1890943e-02
   2.8827708e-02   3.8430899e-03
   2.8857656e-02   6.9548423e-02
   2.8896007e-02   1.3524910e-01
   2.8948056e-02   2.0096692e-01
   2.9021489e-02   2.6671983e-01
   2.9126066e-02   3.3252104e-01
   2.9271838e-02   3.9837971e-01
   2.9465205e-02   4.6430493e-01
   2.9540086e-02   7.9609085e-01
   2.9702033e-02   5.3031419e-01
   2.9954973e-02   5.9644009e-01
   3.0085084e-02   7.2921406e-01
   3.0140826e-02   6.6271944e-01
   3.0302510e-02  -9.3075299e-01
   3.3540160e-02  -9.9943737e-01
   4.3657752e-02   9.6520833e-01
   4.5863683e-02   8.9707116e-01
   4.6653138e-02  -8.2648115e-01
   4.6660321e-02  -7.5828503e-01
   4.6978676e-02  -6.9087878e-01
   4.7313072e-02  -6.2404268e-01
   4.7535067e-02  -5.5752017e-01
   4.7563403e-02  -8.9547832e-01
   4.7636529e-02  -4.9114006e-01
   4.7666273e-02  -4.2484204e-01
   4.7671694e-02  -3.5862841e-01
   4.7677259e-02  -2.9251342e-01
   4.7690057e-02  -2.2650363e-01
   4.7709509e-02  -1.6059406e-01
   4.7729316e-02   8.2949538e-01
   4.7733527e-02  -9.4770188e-02
   4.7760910e-02  -2.9011206e-02
   4.7792041e-02   3.6707083e-02
   4.7829180e-02   1.0240974e-01
   4.7876789e-02   1.6812054e-01
   4.7941862e-02   2.3386016e-01
   4.8033837e-02   2.9964476e-01
   4.8163240e-02   3.6548568e-01
   4.8337882e-02   4.3139163e-01
   4.8556361e-02   4.9737548e-01
   4.8751642e-02   7.6259113e-01
   4.8800008e-02   5.6346287e-01
   4.9019197e-02   6.2968886e-01
   4.9085414e-02   6.9605777e-01
   5.0646013e-02  -9.6459802e-01
   6.3086020e-02   9.9800809e-01
   6.3356182e-02   9.3017661e-01
   6.5189031e-02  -7.9162998e-01
   6.5335990e-02  -8.6008348e-01
   6.5595492e-02  -7.2404802e-01
   6.5632364e-02   8.6262151e-01
   6.6075077e-02  -6.5715142e-01
   6.6411167e-02  -5.9063824e-01
   6.6568113e-02  -5.2427536e-01
   6.6605743e-02  -3.2555780e-01
   6.6608542e-02  -3.9172267e-01
   6.6609580e-02  -4.5796985e-01
   6.6614361e-02  -2.5949313e-01
   6.6633982e-02  -1.9353220e-01
   6.6660682e-02  -1.2766578e-01
   6.6691330e-02  -6.1875803e-02
   6.6724766e-02   3.8610290e-03
   6.6762038e-02   6.9570276e-02
   6.6806585e-02   1.3527734e-01
   6.6864533e-02   2.0100537e-01
   6.6944824e-02   2.6677349e-01
   6.7058369e-02   3.3259572e-01
   6.7158910e-02  -9.2918915e-01
   6.7214894e-02   3.9848156e-01
   6.7225803e-02   7.9581798e-01
   6.7416376e-02   4.6444024e-01
   6.7649178e-02   5.3048938e-01
   6.7878366e-02   5.9666024e-01
   6.7930637e-02   7.2937597e-01
   6.8034050e-02   6.6297810e-01
   7.2117520e-02  -9.9739614e-01
   8.0894417e-02   9.6290905e-01
   8.3273746e-02   8.9534559e-01
   8.3667665e-02  -8.2480710e-01
   8.4111325e-02  -7.5707203e-01
   8.4259052e-02  -8.9345232e-01
   8.4763671e-02  -6.9014721e-01
   8.5259817e-02  -6.2368820e-01
   8.5486211e-02   8.2877295e-01
   8.5504362e-02  -5.5738464e-01
   8.5539883e-02  -2.9251154e-01
   8.5541154e-02  -3.5863061e-01
   8.5556391e-02  -2.2649554e-01
   8.5558877e-02  -4.2483775e-01
   8.5568527e-02  -4.9110090e-01
   8.5584645e-02  -1.6058087e-01
   8.5618857e-02  -9.4753572e-02
   8.5655712e-02  -2.8992126e-02
   8.5694635e-02   3.6728947e-02
   8.5737777e-02   1.0243624e-01
   8.5790185e-02   1.6815511e-01
   8.5860046e-02   2.3390759e-01
   8.5958331e-02   2.9971075e-01
   8.6096547e-02   3.6557596e-01
   8.6280889e-02   4.3151098e-01
   8.6503099e-02   4.9752597e-01
   8.6673001e-02   7.6261054e-01
   8.6734513e-02   5.6364293e-01
   8.6926622e-02   6.2989468e-01
   8.6995440e-02   6.9628375e-01
   8.8159011e-02  -9.6217873e-01
   1.0078210e-01   9.2756293e-01
   1.0110359e-01   9.9487590e-01
   1.0218552e-01  -8.5775081e-01
   1.0252856e-01  -7.8988732e-01
   1.0336201e-01  -7.2297006e-01
   1.0351192e-01   8.6130578e-01
   1.0392776e-01  -9.2642602e-01
   1.0406872e-01  -6.5662571e-01
   1.0444352e-01  -5.9044215e-01
   1.0447049e-01  -3.2556066e-01
   1.0447843e-01  -2.5948717e-01
   1.0448996e-01  -3.9173074e-01
   1.0450581e-01  -1.9351882e-01
   1.0453049e-01  -4.5796750e-01
   1.0454330e-01  -1.2764766e-01
   1.0454850e-01  -5.2422128e-01
   1.0458454e-01  -6.1855037e-02
   1.0462675e-01   3.8837214e-03
   1.0467041e-01   6.9595914e-02
   1.0471924e-01   1.3530878e-01
   1.0478036e-01   2.0104713e-01
   1.0486437e-01   2.6683130e-01
   1.0498403e-01   3.3267547e-01
   1.0514962e-01   3.9858780e-01
   1.0531831e-01   7.9568500e-01
   1.0535993e-01   4.6457409e-01
   1.0559230e-01   5.3064533e-01
   1.0580346e-01   5.9682708e-01
   1.0591130e-01   7.2958520e-01
   1.0593860e-01   6.6315095e-01
   1.1078835e-01  -9.9384402e-01
   1.1783397e-01   9.5943984e-01
   1.2087141e-01  -8.2243593e-01
   1.2094832e-01  -8.9039453e-01
   1.2127493e-01   8.9323779e-01
   1.2185492e-01  -7.5555579e-01
   1.2282361e-01  -6.8939709e-01
   1.2338264e-01  -6.2341563e-01
   1.2340293e-01  -2.9251017e-01
   1.2341199e-01  -3.5864170e-01
   1.2342501e-01  -2.2648330e-01
   1.2346087e-01  -4.2485555e-01
   1.2346445e-01  -1.6056155e-01
   1.2351069e-01  -9.4730675e-02
   1.2353261e-01  -4.9110295e-01
   1.2355464e-01  -5.5731241e-01
   1.2355785e-01  -2.8967708e-02
   1.2360420e-01   3.6754790e-02
   1.2365178e-01   1.0246554e-01
   1.2370635e-01   1.6819196e-01
   1.2377767e-01   2.3395770e-01
   1.2387896e-01   2.9978042e-01
   1.2387987e-01   8.2849637e-01
   1.2402388e-01   3.6567041e-01
   1.2421853e-01   4.3163165e-01
   1.2444956e-01   4.9766787e-01
   1.2467740e-01   5.6379065e-01
   1.2480793e-01   7.6287574e-01
   1.2484849e-01   6.3002916e-01
   1.2491368e-01   6.9641551e-01
   1.2572175e-01  -9.5845076e-01
   1.3875896e-01   9.2440027e-01
   1.3881790e-01   9.9031792e-01
   1.3921451e-01  -8.5466986e-01
   1.4023137e-01  -7.8784148e-01
   1.4058518e-01  -9.2260351e-01
   1.4150702e-01  -7.2194121e-01
   1.4231762e-01  -6.5626900e-01
   1.4233441e-01  -3.2556757e-01
   1.4234385e-01  -2.5947824e-01
   1.4236402e-01   8.6088157e-01
   1.4237272e-01  -3.9175506e-01
   1.4238230e-01  -1.9349914e-01
   1.4243346e-01  -1.2762242e-01
   1.4246500e-01  -4.5800045e-01
   1.4248709e-01  -6.1827985e-02
   1.4253850e-01   3.9110263e-03
   1.4257541e-01  -5.2423199e-01
   1.4258754e-01   6.9624379e-02
   1.4259127e-01  -5.9035182e-01
   1.4263826e-01   1.3534177e-01
   1.4269913e-01   2.0109017e-01
   1.4278306e-01   2.6689114e-01
   1.4290588e-01   3.3275839e-01
   1.4308030e-01   3.9869676e-01
   1.4330372e-01   4.6470519e-01
   1.4354615e-01   5.3078593e-01
   1.4374211e-01   7.9617754e-01
   1.4375156e-01   5.9695097e-01
   1.4385836e-01   7.2968200e-01
   1.4386381e-01   6.6323518e-01
   1.4954492e-01  -9.8875493e-01
   1.5459622e-01   9.5518134e-01
   1.5773473e-01  -8.8656182e-01
   1.5849192e-01  -8.1977243e-01
   1.6009616e-01  -7.5418923e-01
   1.6069250e-01   8.9254820e-01
   1.6124323e-01  -6.8896612e-01
   1.6126526e-01  -2.9250794e-01
   1.6127983e-01  -3.5866216e-01
   1.6129724e-01  -2.2646485e-01
   1.6135203e-01  -1.6053416e-01
   1.6136400e-01  -4.2489995e-01
   1.6141331e-01  -9.4700187e-02
   1.6147222e-01  -2.8937548e-02
   1.6151558e-01  -4.9115868e-01
   1.6152578e-01   3.6784015e-02
   1.6157588e-01   1.0249613e-01
   1.6162927e-01   1.6822892e-01
   1.6166099e-01  -6.2331540e-01
   1.6166910e-01  -5.5734017e-01
   1.6169783e-01   2.3400805e-01
   1.6179822e-01   2.9985163e-01
   1.6194816e-01   3.6576748e-01
   1.6215607e-01   4.3175332e-01
   1.6240468e-01   4.9780292e-01
   1.6264491e-01   5.6391927e-01
   1.6278854e-01   7.6295735e-01
   1.6280826e-01   6.3011309e-01
   1.6281865e-01   8.2957099e-01
   1.6284518e-01   6.9643111e-01
   1.6343607e-01  -9.5350779e-01
   1.7645605e-01   9.8430852e-01
   1.7667263e-01  -8.5131554e-01
   1.7715698e-01  -9.1804636e-01
   1.7853191e-01   9.2295267e-01
   1.7855942e-01  -7.8606167e-01
   1.8015331e-01  -7.2147550e-01
   1.8019423e-01  -3.2557701e-01
   1.8021052e-01  -2.5946378e-01
   1.8024932e-01  -3.9179630e-01
   1.8026569e-01  -1.9347045e-01
   1.8033504e-01  -1.2758795e-01
   1.8040025e-01  -4.5807415e-01
   1.8040385e-01  -6.1793533e-02
   1.8046527e-01   3.9428887e-03
   1.8051852e-01   6.9654451e-02
   1.8056812e-01   1.3537414e-01
   1.8062431e-01   2.0113174e-01
   1.8062689e-01  -5.2432165e-01
   1.8070336e-01   2.6695037e-01
   1.8076379e-01  -6.5618064e-01
   1.8082224e-01  -5.9041265e-01
   1.8082600e-01   3.3284265e-01
   1.8101002e-01   3.9880805e-01
   1.8125387e-01   4.6483580e-01
   1.8151922e-01   5.3091651e-01
   1.8173047e-01   7.9627130e-01
   1.8174041e-01   5.9705754e-01
   1.8178927e-01   7.2960190e-01
   1.8184161e-01   6.6326152e-01
   1.8220687e-01   8.6325948e-01
   1.8845793e-01  -9.8208126e-01
   1.9237411e-01   9.5192410e-01
   1.9484834e-01  -8.8251049e-01
   1.9684901e-01  -8.1746434e-01
   1.9904101e-01  -7.5377747e-01
   1.9912491e-01  -2.9250173e-01
   1.9913867e-01  -3.5869025e-01
   1.9917412e-01  -2.2643672e-01
   1.9925060e-01  -1.6049567e-01
   1.9925673e-01  -4.2497156e-01
   1.9933137e-01  -9.4660099e-02
   1.9940423e-01  -2.8900958e-02
   1.9946485e-01   3.6815903e-02
   1.9949830e-01  -4.9127403e-01
   1.9951511e-01   1.0252600e-01
   1.9956298e-01   1.6826304e-01
   1.9962328e-01   2.3405540e-01
   1.9971776e-01   2.9992177e-01
   1.9981223e-01  -5.5748022e-01
   1.9987100e-01   3.6586639e-01
   1.9989626e-01  -6.8893037e-01
   2.0004008e-01  -6.2343773e-01
   2.0009678e-01   4.3187757e-01
   2.0037518e-01   4.9793664e-01
   2.0064291e-01   5.6403587e-01
   2.0069070e-01   7.6272717e-01
   2.0070772e-01   8.2969674e-01
   2.0082800e-01   6.3019036e-01
   2.0084659e-01   6.9637578e-01
   2.0167397e-01  -9.4759166e-01
   2.0203947e-01   8.9772552e-01
   2.1373545e-01  -9.1347885e-01
   2.1489241e-01  -8.4829081e-01
   2.1532853e-01   9.7654166e-01
   2.1789691e-01  -7.8587938e-01
   2.1804555e-01  -3.2558529e-01
   2.1807789e-01  -2.5943941e-01
   2.1811040e-01  -3.9185241e-01
   2.1815828e-01  -1.9342870e-01
   2.1825230e-01  -1.2754119e-01
   2.1831956e-01  -4.5818846e-01
   2.1834022e-01  -6.1750026e-02
   2.1841292e-01   3.9793251e-03
   2.1846897e-01   6.9684539e-02
   2.1851358e-01   1.3540295e-01
   2.1855928e-01   2.0116810e-01
   2.1862698e-01   2.6700538e-01
   2.1867561e-01  -5.2449513e-01
   2.1874499e-01   3.3292626e-01
   2.1893997e-01   3.9892278e-01
   2.1904916e-01  -7.2155714e-01
   2.1908095e-01  -5.9062726e-01
   2.1921390e-01   4.6496991e-01
   2.1932321e-01  -6.5641200e-01
   2.1951865e-01   5.3104550e-01
   2.1953074e-01   7.9577115e-01
   2.1970020e-01   8.6337869e-01
   2.1976950e-01   5.9715059e-01
   2.1981906e-01   7.2942320e-01
   2.1990620e-01   6.6330786e-01
   2.2179478e-01   9.3408944e-01
   2.2778079e-01  -9.7371244e-01
   2.3243397e-01  -8.7851710e-01
   2.3669397e-01  -8.1785623e-01
   2.3697919e-01  -2.9248616e-01
   2.3698113e-01  -3.5872166e-01
   2.3705666e-01  -2.2639361e-01
   2.3712573e-01  -4.2506773e-01
   2.3716377e-01  -1.6044175e-01
   2.3727012e-01  -9.4607559e-02
   2.3735997e-01  -2.8856925e-02
   2.3742762e-01   3.6849539e-02
   2.3745777e-01  -4.9144641e-01
   2.3747501e-01   1.0255249e-01
   2.3751170e-01   1.6829038e-01
   2.3755636e-01   2.3409527e-01
   2.3763790e-01   2.9998720e-01
   2.3779175e-01   3.6596651e-01
   2.3794695e-01  -5.5773380e-01
   2.3804170e-01   4.3200840e-01
   2.3820061e-01  -7.5406998e-01
   2.3823945e-01   8.2865826e-01
   2.3836502e-01   4.9807479e-01
   2.3841832e-01   8.9749070e-01
   2.3843498e-01  -6.2376189e-01
   2.3866683e-01  -6.8934833e-01
   2.3867892e-01   5.6415065e-01
   2.3875375e-01   7.6234269e-01
   2.3889335e-01   6.3025116e-01
   2.3898082e-01   6.9640109e-01
   2.4143802e-01  -9.4119225e-01
   2.4888709e-01   9.6853251e-01
   2.4962854e-01  -9.0852966e-01
   2.5533073e-01  -8.4997632e-01
   2.5588301e-01  -3.2558584e-01
   2.5594507e-01  -3.9191833e-01
   2.5594515e-01  -2.5939846e-01
   2.5606265e-01  -1.9336807e-01
   2.5619010e-01  -1.2747782e-01
   2.5620527e-01  -4.5833949e-01
   2.5630242e-01  -6.1695175e-02
   2.5638814e-01   4.0203958e-03
   2.5644525e-01   6.9712539e-02
   2.5647985e-01   1.3542431e-01
   2.5650736e-01   2.0119427e-01
   2.5655481e-01   2.6705110e-01
   2.5666130e-01   3.3300598e-01
   2.5667597e-01   8.6117087e-01
   2.5669104e-01  -5.2474407e-01
   2.5686818e-01   3.9904274e-01
   2.5718564e-01   4.6511519e-01
   2.5729291e-01  -7.8651048e-01
   2.5731968e-01  -5.9099051e-01
   2.5753662e-01   9.3036502e-01
   2.5754907e-01   5.3117811e-01
   2.5763607e-01   7.9500796e-01
   2.5784720e-01   5.9724112e-01
   2.5786530e-01  -6.5689633e-01
   2.5801223e-01   6.6332957e-01
   2.5805734e-01  -7.2228960e-01
   2.5807367e-01   7.2946196e-01
   2.6817895e-01  -9.6336911e-01
   2.7294442e-01  -8.8324744e-01
   2.7479853e-01  -3.5874831e-01
   2.7482500e-01  -2.9245294e-01
   2.7492924e-01   8.9230482e-01
   2.7494599e-01  -2.2632807e-01
   2.7495632e-01  -4.2518245e-01
   2.7509568e-01  -1.6036643e-01
   2.7523569e-01  -9.4538723e-02
   2.7534658e-01  -2.8804089e-02
   2.7537225e-01  -4.9166956e-01
   2.7542125e-01   3.6883715e-02
   2.7546187e-01   1.0257207e-01
   2.7547998e-01   1.6830569e-01
   2.7549909e-01   2.3412167e-01
   2.7555748e-01   3.0004250e-01
   2.7570642e-01   3.6606553e-01
   2.7598800e-01   4.3215126e-01
   2.7603367e-01  -5.5808062e-01
   2.7614454e-01  -8.1901173e-01
   2.7637881e-01   4.9822940e-01
   2.7641521e-01   8.2713962e-01
   2.7675778e-01   5.6426312e-01
   2.7678795e-01  -6.2427620e-01
   2.7701513e-01   6.3030925e-01
   2.7713206e-01   6.9637920e-01
   2.7724006e-01   7.6248160e-01
   2.7734791e-01  -6.9006679e-01
   2.7746073e-01  -7.5533759e-01
   2.8048411e-01  -9.2367045e-01
   2.8430054e-01   9.5873521e-01
   2.9313261e-01   9.2169158e-01
   2.9370062e-01  -3.2556836e-01
   2.9374080e-01  -3.9198393e-01
   2.9381159e-01  -2.5933156e-01
   2.9398190e-01  -1.9328072e-01
   2.9403911e-01  -4.5852010e-01
   2.9415421e-01  -1.2739220e-01
   2.9419219e-01  -8.5199835e-01
   2.9429783e-01  -6.1625992e-02
   2.9439885e-01   4.0661576e-03
   2.9445478e-01   6.9735676e-02
   2.9447200e-01   2.0120361e-01
   2.9447281e-01   1.3543311e-01
   2.9448694e-01   2.6708063e-01
   2.9457103e-01   3.3307625e-01
   2.9464887e-01  -5.2505803e-01
   2.9478777e-01   3.9916712e-01
   2.9516678e-01   4.6528260e-01
   2.9525278e-01   8.5790802e-01
   2.9548684e-01  -5.9145855e-01
   2.9562120e-01   5.3133137e-01
   2.9597541e-01   5.9731276e-01
   2.9617881e-01   6.6335387e-01
   2.9627726e-01   7.2939180e-01
   2.9632639e-01  -6.5762422e-01
   2.9660923e-01   7.9543655e-01
   2.9677352e-01  -7.8872419e-01
   2.9683008e-01  -7.2335176e-01
   3.0428557e-01  -9.5258086e-01
   3.0723226e-01  -8.8760935e-01
   3.1258152e-01  -3.5875726e-01
   3.1265926e-01  -2.9239045e-01
   3.1273168e-01  -4.2530258e-01
   3.1284375e-01  -2.2623007e-01
   3.1305141e-01  -1.6026197e-01
   3.1322111e-01  -4.9193548e-01
   3.1323547e-01  -9.4448659e-02
   3.1337258e-01  -2.8740752e-02
   3.1345321e-01   2.3412659e-01
   3.1345426e-01   3.6916822e-02
   3.1347288e-01   1.6830216e-01
   3.1347403e-01   3.0007999e-01
   3.1348304e-01   1.0258017e-01
   3.1360764e-01   3.6615799e-01
   3.1369905e-01   8.8637170e-01
   3.1392575e-01   4.3230743e-01
   3.1404938e-01  -5.5850315e-01
   3.1441758e-01   4.9842008e-01
   3.1490127e-01   5.6439653e-01
   3.1502763e-01  -6.2488961e-01
   3.1518384e-01   6.3031154e-01
   3.1534625e-01   6.9638594e-01
   3.1551507e-01   7.6234234e-01
   3.1560859e-01  -8.2300671e-01
   3.1588378e-01  -6.9111104e-01
   3.1619311e-01  -7.5690606e-01
   3.1651354e-01  -9.1828816e-01
   3.1653201e-01   8.2816374e-01
   3.2007129e-01   9.4739346e-01
   3.2986433e-01   9.1343059e-01
   3.3148445e-01  -3.9203245e-01
   3.3149257e-01  -3.2551847e-01
   3.3167692e-01  -2.5922621e-01
   3.3179963e-01  -4.5871257e-01
   3.3192002e-01  -1.9315655e-01
   3.3215169e-01  -1.2727716e-01
   3.3227622e-01  -8.5970735e-01
   3.3233540e-01  -6.1538792e-02
   3.3242284e-01   2.6708467e-01
   3.3245460e-01   4.1165906e-03
   3.3245689e-01   2.0118759e-01
   3.3246839e-01   3.3312882e-01
   3.3249934e-01   1.3542278e-01
   3.3250639e-01   6.9750376e-02
   3.3252945e-01  -5.2542999e-01
   3.3268717e-01   3.9929061e-01
   3.3314452e-01   4.6547608e-01
   3.3356887e-01  -5.9200135e-01
   3.3374418e-01   5.3153961e-01
   3.3419468e-01   5.9739750e-01
   3.3436370e-01   6.6324651e-01
   3.3455796e-01   7.2943744e-01
   3.3459516e-01  -6.5840504e-01
   3.3504997e-01   7.9510869e-01
   3.3513769e-01  -7.9101106e-01
   3.3536111e-01  -7.2489257e-01
   3.3769022e-01   8.6041427e-01
   3.4238855e-01  -9.3955845e-01
   3.4700918e-01  -8.9672888e-01
   3.5032126e-01  -3.5873051e-01
   3.5043469e-01  -4.2540554e-01
   3.5047940e-01  -2.9228319e-01
   3.5075247e-01  -2.2608693e-01
   3.5097789e-01  -4.9221939e-01
   3.5103735e-01  -1.6011877e-01
   3.5127851e-01  -9.4331421e-02
   3.5138393e-01   3.0008916e-01
   3.5142050e-01   2.3409983e-01
   3.5144837e-01  -2.8664976e-02
   3.5148552e-01   3.6623524e-01
   3.5149625e-01   1.6827118e-01
   3.5153696e-01   3.6946776e-02
   3.5154728e-01   1.0257103e-01
   3.5183863e-01   4.3247154e-01
   3.5198334e-01  -5.5900121e-01
   3.5246597e-01   4.9865359e-01
   3.5274518e-01  -8.2609850e-01
   3.5313413e-01   5.6461232e-01
   3.5316663e-01  -6.2554695e-01
   3.5347310e-01   6.3030395e-01
   3.5349650e-01   6.9610896e-01
   3.5395075e-01   7.6256535e-01
   3.5407648e-01  -6.9206776e-01
   3.5457111e-01  -7.5925652e-01
   3.5523698e-01   8.2745617e-01
   3.5723783e-01   9.3401346e-01
   3.5796649e-01   8.9297488e-01
   3.6900991e-01  -8.6028963e-01
   3.6916446e-01  -3.9204108e-01
   3.6925370e-01  -3.2541692e-01
   3.6946564e-01  -4.5888499e-01
   3.6954185e-01  -2.5906673e-01
   3.6988234e-01  -1.9298329e-01
   3.7019135e-01  -1.2712431e-01
   3.7030063e-01  -5.2582419e-01
   3.7034583e-01   3.3315195e-01
   3.7036158e-01   2.6705140e-01
   3.7042609e-01  -6.1429420e-02
   3.7046631e-01   2.0113554e-01
   3.7055167e-01   3.9940449e-01
   3.7056701e-01   4.1715059e-03
   3.7056762e-01   1.3538529e-01
   3.7061080e-01   6.9752259e-02
   3.7109774e-01   4.6568905e-01
   3.7158211e-01  -5.9264123e-01
   3.7189919e-01   5.3181159e-01
   3.7255745e-01   5.9761087e-01
   3.7258061e-01   7.2889382e-01
   3.7270145e-01   6.6307691e-01
   3.7274534e-01  -6.5912750e-01
   3.7316429e-01  -7.9463027e-01
   3.7326975e-01  -7.2597106e-01
   3.7386745e-01   7.9592957e-01
   3.7525177e-01  -9.2692293e-01
   3.7702176e-01   8.5850824e-01
   3.8276386e-01  -8.9140117e-01
   3.8801004e-01  -3.5864395e-01
   3.8805198e-01  -4.2546183e-01
   3.8828406e-01  -2.9211204e-01
   3.8861706e-01  -4.9247386e-01
   3.8867605e-01  -2.2588337e-01
   3.8906165e-01  -1.5992580e-01
   3.8928285e-01   3.0005665e-01
   3.8932755e-01   3.6628425e-01
   3.8937601e-01  -9.4180518e-02
   3.8940292e-01   2.3402863e-01
   3.8955711e-01   1.6820244e-01
   3.8958664e-01  -2.8574822e-02
   3.8966521e-01   1.0253790e-01
   3.8968187e-01   3.6971052e-02
   3.8970726e-01   4.3263533e-01
   3.8979604e-01  -5.5952174e-01
   3.8984010e-01   9.2088256e-01
   3.9049828e-01   4.9891882e-01
   3.9128902e-01  -6.2633344e-01
   3.9134966e-01  -8.3071339e-01
   3.9142836e-01   5.6491844e-01
   3.9164245e-01   7.6163088e-01
   3.9183273e-01   6.9565898e-01
   3.9186885e-01  -7.6015624e-01
   3.9198859e-01   6.3051437e-01
   3.9214394e-01  -6.9269517e-01
   3.9483169e-01   8.8665005e-01
   3.9501908e-01   8.2988758e-01
   4.0677110e-01  -3.9197892e-01
   4.0698063e-01  -3.2524049e-01
   4.0702400e-01  -4.5899873e-01
   4.0740854e-01  -2.5883444e-01
   4.0787602e-01  -1.9274714e-01
   4.0793158e-01  -5.2616643e-01
   4.0819481e-01   3.3313090e-01
   4.0828421e-01  -1.2692484e-01
   4.0830207e-01   2.6696594e-01
   4.0836269e-01   3.9949431e-01
   4.0850543e-01   2.0103484e-01
   4.0858331e-01  -6.1293807e-02
   4.0868758e-01   1.3531159e-01
   4.0875011e-01   4.2304460e-03
   4.0878096e-01   6.9736481e-02
   4.0900416e-01   4.6591475e-01
   4.0947494e-01  -5.9329749e-01
   4.0973997e-01  -7.9413349e-01
   4.0997283e-01  -8.6764060e-01
   4.1005506e-01   5.3212300e-01
   4.1079809e-01   7.2797106e-01
   4.1080155e-01   7.9439738e-01
   4.1100768e-01   5.9795410e-01
   4.1101476e-01  -9.1162869e-01
   4.1101830e-01  -6.6004444e-01
   4.1111516e-01  -7.2607392e-01
   4.1140489e-01   6.6330918e-01
   4.2154084e-01   8.6374686e-01
   4.2557320e-01  -4.2543080e-01
   4.2564297e-01  -3.5846944e-01
   4.2586883e-01   9.0478491e-01
   4.2607349e-01  -2.9185430e-01
   4.2612958e-01  -4.9264883e-01
   4.2657179e-01  -8.2735051e-01
   4.2662041e-01  -2.2560252e-01
   4.2711997e-01   3.6628928e-01
   4.2713484e-01  -1.5967207e-01
   4.2716576e-01   2.9996519e-01
   4.2740317e-01   2.3389797e-01
   4.2744856e-01  -5.5994206e-01
   4.2750630e-01   4.3278268e-01
   4.2754165e-01  -9.3989998e-02
   4.2766408e-01   1.6808470e-01
   4.2780258e-01  -2.8468825e-02
   4.2784965e-01   1.0247387e-01
   4.2790394e-01   3.6986964e-02
   4.2849461e-01   4.9921237e-01
   4.2931555e-01  -6.2712528e-01
   4.2945038e-01  -7.5871290e-01
   4.2948508e-01   7.5989157e-01
   4.2974016e-01   5.6525672e-01
   4.2989578e-01   8.2752649e-01
   4.3060768e-01   6.3092686e-01
   4.3068157e-01  -6.9369226e-01
   4.3077623e-01   6.9600413e-01
   4.4181060e-01  -8.9710835e-01
   4.4329370e-01  -8.5818346e-01
   4.4429974e-01  -3.9181234e-01
   4.4446540e-01  -4.5899880e-01
   4.4467181e-01  -3.2496162e-01
   4.4528141e-01  -2.5850889e-01
   4.4542548e-01  -5.2639509e-01
   4.4591091e-01  -1.9243498e-01
   4.4600521e-01   3.3304547e-01
   4.4610010e-01   3.9954463e-01
   4.4624372e-01   2.6681040e-01
   4.4644391e-01  -1.2667135e-01
   4.4658106e-01   2.0087210e-01
   4.4682298e-01  -6.1129101e-02
   4.4682546e-01  -7.8988729e-01
   4.4683234e-01   4.6613435e-01
   4.4687135e-01   1.3519311e-01
   4.4702037e-01   4.2926111e-03
   4.4703222e-01   6.9698666e-02
   4.4719100e-01  -5.9375484e-01
   4.4772945e-01   7.9123034e-01
   4.4820570e-01   5.3247703e-01
   4.4925305e-01  -6.6097441e-01
   4.4946137e-01   5.9829154e-01
   4.5006608e-01   7.2865722e-01
   4.5020195e-01   6.6389358e-01
   4.5023660e-01  -7.2706513e-01
   4.5761720e-01   8.8914931e-01
   4.5914089e-01   8.5473280e-01
   4.6265794e-01  -8.1869495e-01
   4.6299718e-01  -4.2527352e-01
   4.6321694e-01  -3.5817358e-01
   4.6350868e-01  -4.9266757e-01
   4.6385059e-01  -2.9148504e-01
   4.6459473e-01  -2.2522909e-01
   4.6484564e-01   3.6622641e-01
   4.6497407e-01  -5.6019745e-01
   4.6502798e-01   2.9979316e-01
   4.6507258e-01   8.2118558e-01
   4.6520953e-01   4.3290193e-01
   4.6527023e-01  -1.5934921e-01
   4.6542574e-01   2.3369192e-01
   4.6579164e-01  -9.3756509e-02
   4.6582812e-01   1.6790811e-01
   4.6611363e-01  -2.8346812e-02
   4.6611577e-01   1.0237366e-01
   4.6622033e-01   3.6992400e-02
   4.6642102e-01   4.9950865e-01
   4.6713922e-01  -6.2752143e-01
   4.6809616e-01   5.6564420e-01
   4.6914981e-01   6.3123846e-01
   4.6919237e-01   7.6143748e-01
   4.6930154e-01  -6.9481870e-01
   4.6967126e-01  -7.5993455e-01
   4.6974095e-01   6.9701779e-01
   4.7418987e-01  -8.8042261e-01
   4.7715674e-01  -8.4562333e-01
   4.8174697e-01  -3.9150088e-01
   4.8179740e-01  -4.5884402e-01
   4.8232866e-01  -3.2454950e-01
   4.8277777e-01  -5.2639930e-01
   4.8316900e-01  -2.5807244e-01
   4.8373609e-01   3.9952695e-01
   4.8376715e-01   3.3286857e-01
   4.8400014e-01  -1.9203786e-01
   4.8418807e-01   2.6656536e-01
   4.8455372e-01   4.6634847e-01
   4.8468674e-01  -1.2636098e-01
   4.8470277e-01   2.0063631e-01
   4.8483302e-01  -5.9397953e-01
   4.8513352e-01   1.3502456e-01
   4.8516307e-01  -6.0935649e-02
   4.8538197e-01   6.9636759e-02
   4.8539587e-01   4.3569103e-03
   4.8632298e-01   5.3282707e-01
   4.8717557e-01  -6.6112809e-01
   4.8799563e-01   5.9867943e-01
   4.8844508e-01   7.9436455e-01
   4.8870336e-01   6.6415544e-01
   4.8885896e-01  -7.9190504e-01
   4.8913733e-01   7.3070336e-01
   4.8950589e-01  -7.2876960e-01
   4.9302971e-01   8.7001247e-01
   4.9715979e-01   8.3318182e-01
   5.0032160e-01  -4.2494112e-01
   5.0073175e-01  -3.5771749e-01
   5.0077897e-01  -4.9249828e-01
   5.0162373e-01  -2.9098433e-01
   5.0236446e-01  -5.6011778e-01
   5.0248698e-01   3.6606009e-01
   5.0261217e-01  -2.2475379e-01
   5.0277376e-01   4.3295934e-01
   5.0286775e-01   2.9951568e-01
   5.0347890e-01   2.3339792e-01
   5.0348423e-01  -1.5895578e-01
   5.0406299e-01   1.6766810e-01
   5.0414424e-01  -9.3482590e-02
   5.0426079e-01   4.9984055e-01
   5.0448076e-01   1.0223692e-01
   5.0453818e-01  -2.8211119e-02
   5.0464927e-01   3.6987145e-02
   5.0501728e-01  -6.2762135e-01
   5.0577134e-01  -8.2303294e-01
   5.0648091e-01   5.6596746e-01
   5.0722500e-01  -6.9446497e-01
   5.0780105e-01   6.3162233e-01
   5.0788444e-01   6.9719141e-01
   5.0814488e-01  -8.6127161e-01
   5.0826053e-01   7.6577089e-01
   5.1010940e-01  -7.6318302e-01
   5.1901757e-01  -4.5847627e-01
   5.1911193e-01  -3.9099353e-01
   5.1996053e-01  -3.2398227e-01
   5.2004663e-01  -5.2618907e-01
   5.2108449e-01  -2.5751582e-01
   5.2123987e-01   3.9939278e-01
   5.2147501e-01   3.3256616e-01
   5.2210190e-01   4.6651811e-01
   5.2214203e-01   2.6621579e-01
   5.2216068e-01  -1.9155651e-01
   5.2236686e-01  -5.9367847e-01
   5.2288398e-01   2.0032388e-01
   5.2303142e-01  -1.2600015e-01
   5.2349108e-01   1.3480889e-01
   5.2362209e-01  -6.0719439e-02
   5.2384828e-01   6.9554046e-02
   5.2389419e-01   4.4217546e-03
   5.2424630e-01   8.0557307e-01
   5.2444512e-01   5.3328185e-01
   5.2534414e-01  -6.6103305e-01
   5.2626390e-01   7.3058451e-01
   5.2655987e-01   5.9881768e-01
   5.2705103e-01  -7.2738296e-01
   5.2735943e-01   6.6460067e-01
   5.2768052e-01   8.4944292e-01
   5.3106235e-01  -7.9900264e-01
   5.3754470e-01  -4.2436191e-01
   5.3792970e-01  -4.9207407e-01
   5.3819916e-01  -3.5707896e-01
   5.3915295e-01  -8.4220787e-01
   5.3940667e-01  -2.9034350e-01
   5.3975184e-01  -5.5983496e-01
   5.4003237e-01   3.6574067e-01
   5.4014798e-01   4.3288593e-01
   5.4069082e-01  -2.2418009e-01
   5.4069176e-01   2.9911364e-01
   5.4157636e-01   2.3301270e-01
   5.4179641e-01  -1.5850382e-01
   5.4191337e-01   5.0016692e-01
   5.4238584e-01   1.6737221e-01
   5.4248260e-01   7.6483243e-01
   5.4261812e-01  -9.3180117e-02
   5.4281018e-01  -6.2682638e-01
   5.4296253e-01   1.0207339e-01
   5.4309304e-01  -2.8068203e-02
   5.4320713e-01   3.6973910e-02
   5.4509197e-01   5.6649778e-01
   5.4581471e-01  -6.9421318e-01
   5.4633131e-01   6.9790056e-01
   5.4637068e-01   6.3130896e-01
   5.4638936e-01  -7.5952018e-01
   5.5611706e-01  -4.5778509e-01
   5.5641546e-01  -3.9027169e-01
   5.5718905e-01  -5.2569081e-01
   5.5750421e-01   8.3017411e-01
   5.5758252e-01  -3.2325292e-01
   5.5787487e-01   7.9431197e-01
   5.5858776e-01   3.9906603e-01
   5.5904664e-01  -2.5684581e-01
   5.5913731e-01   3.3211266e-01
   5.5939069e-01   4.6654013e-01
   5.6011140e-01  -5.9328908e-01
   5.6011967e-01   2.6575725e-01
   5.6041420e-01  -1.9101066e-01
   5.6114354e-01   1.9994729e-01
   5.6149730e-01  -1.2560869e-01
   5.6196272e-01   1.3456551e-01
   5.6221666e-01  -6.0494713e-02
   5.6243560e-01   5.3380836e-01
   5.6244649e-01   6.9461433e-02
   5.6252873e-01   4.4844472e-03
   5.6323379e-01  -6.5923498e-01
   5.6408546e-01   7.3211019e-01
   5.6499202e-01  -7.8828358e-01
   5.6558953e-01   6.6331634e-01
   5.6563573e-01   5.9932925e-01
   5.6624386e-01  -7.2734713e-01
   5.6724319e-01  -8.2355034e-01
   5.7470734e-01  -4.2352942e-01
   5.7492471e-01  -4.9120622e-01
   5.7563486e-01  -3.5625483e-01
   5.7700683e-01  -5.5926932e-01
   5.7721928e-01  -2.8957323e-01
   5.7729191e-01   4.3255834e-01
   5.7749412e-01   3.6523398e-01
   5.7851637e-01   2.9857901e-01
   5.7885586e-01  -2.2353797e-01
   5.7922720e-01   5.0032717e-01
   5.7974045e-01   2.3255248e-01
   5.8022699e-01  -1.5802324e-01
   5.8081773e-01   1.6705294e-01
   5.8122991e-01  -9.2873386e-02
   5.8135238e-01  -6.2626064e-01
   5.8157546e-01   1.0190620e-01
   5.8178980e-01  -2.7930453e-02
   5.8190397e-01   3.6958776e-02
   5.8228679e-01   7.6585007e-01
   5.8340704e-01   6.9470030e-01
   5.8343611e-01  -6.9045850e-01
   5.8380681e-01   5.6722043e-01
   5.8594845e-01   6.3170295e-01
   5.8783623e-01  -7.6016218e-01
   5.8996780e-01   8.0742677e-01
   5.9317448e-01  -4.5679731e-01
   5.9367932e-01  -3.8933871e-01
   5.9409236e-01  -5.2454741e-01
   5.9521585e-01  -3.2237521e-01
   5.9579688e-01   3.9850585e-01
   5.9634922e-01   4.6619987e-01
   5.9677511e-01   3.3149228e-01
   5.9708404e-01  -2.5610741e-01
   5.9775651e-01  -5.9270995e-01
   5.9814643e-01   2.6520672e-01
   5.9839017e-01  -8.0120484e-01
   5.9878331e-01  -1.9044266e-01
   5.9923967e-01   7.2467866e-01
   5.9950930e-01   1.9955621e-01
   6.0003856e-01   5.3414827e-01
   6.0010183e-01  -1.2522281e-01
   6.0056338e-01   1.3433383e-01
   6.0095830e-01  -6.0286320e-02
   6.0118406e-01   6.9378397e-02
   6.0130354e-01   4.5404075e-03
   6.0242573e-01  -7.1982216e-01
   6.0279781e-01  -6.5843287e-01
   6.0501567e-01   6.0026349e-01
   6.0570969e-01   6.6348015e-01
   6.1184094e-01  -4.2245466e-01
   6.1191638e-01  -4.9000843e-01
   6.1305674e-01  -3.5525873e-01
   6.1382958e-01  -5.5768295e-01
   6.1424851e-01   4.3193985e-01
   6.1468837e-01   7.5211058e-01
   6.1489693e-01   3.6451101e-01
   6.1509748e-01  -2.8874213e-01
   6.1606313e-01   4.9992099e-01
   6.1637342e-01   2.9792302e-01
   6.1713300e-01  -2.2288479e-01
   6.1801146e-01   2.3208958e-01
   6.1813343e-01   7.8607319e-01
   6.1879375e-01  -1.5756408e-01
   6.1937531e-01   1.6677052e-01
   6.1999130e-01  -9.2601391e-02
   6.2008017e-01  -6.2573488e-01
   6.2032435e-01   1.0177217e-01
   6.2063010e-01  -2.7817651e-02
   6.2065487e-01  -7.4633642e-01
   6.2073774e-01   3.6951276e-02
   6.2232730e-01   5.6767227e-01
   6.2404585e-01   6.9438646e-01
   6.2465774e-01  -6.8942892e-01
   6.2554423e-01  -7.8018870e-01
   6.2615643e-01   6.3310546e-01
   6.3022441e-01  -4.5553095e-01
   6.3092449e-01  -3.8819585e-01
   6.3107221e-01  -5.2309237e-01
   6.3288468e-01   3.9766672e-01
   6.3291077e-01  -3.2145597e-01
   6.3308499e-01   4.6549799e-01
   6.3442871e-01   3.3069456e-01
   6.3456348e-01  -5.9032037e-01
   6.3522084e-01  -2.5537738e-01
   6.3627882e-01   2.6467033e-01
   6.3697211e-01   5.3349822e-01
   6.3728822e-01  -1.8991812e-01
   6.3800503e-01   1.9923720e-01
   6.3885816e-01  -1.2489704e-01
   6.3929708e-01   1.3417159e-01
   6.3984994e-01  -6.0131046e-02
   6.4005531e-01   6.9332564e-02
   6.4020665e-01   4.5829794e-03
   6.4057431e-01   7.2459337e-01
   6.4274893e-01  -6.5841262e-01
   6.4402762e-01   6.0091417e-01
   6.4520276e-01  -7.1876432e-01
   6.4719571e-01   6.6572643e-01
   6.4891440e-01  -4.8850111e-01
   6.4894350e-01   7.6083660e-01
   6.4896605e-01  -4.2108900e-01
   6.5053396e-01  -3.5426480e-01
   6.5093580e-01  -5.5595827e-01
   6.5103765e-01   4.3096415e-01
   6.5228066e-01   3.6350705e-01
   6.5267965e-01   4.9909241e-01
   6.5306475e-01  -2.8795326e-01
   6.5435494e-01   2.9730753e-01
   6.5548520e-01  -7.5520802e-01
   6.5554473e-01  -2.2230198e-01
   6.5642425e-01   2.3174311e-01
   6.5736250e-01  -6.2136700e-01
   6.5750907e-01  -1.5719809e-01
   6.5806063e-01   1.6660803e-01
   6.5890570e-01  -9.2418753e-02
   6.5919860e-01   1.0171914e-01
   6.5960008e-01  -2.7756784e-02
   6.5968828e-01   3.6964611e-02
   6.6030985e-01   5.6595893e-01
   6.6574469e-01   6.3454448e-01
   6.6634532e-01   6.9831348e-01
   6.6724952e-01  -6.9090570e-01
   6.6725805e-01  -4.5379855e-01
   6.6803471e-01  -5.2133285e-01
   6.6828782e-01  -3.8713905e-01
   6.6960263e-01   4.6434123e-01
   6.6985418e-01   3.9637006e-01
   6.7068834e-01  -3.2063101e-01
   6.7225654e-01   3.2997668e-01
   6.7236324e-01  -5.8830686e-01
   6.7346965e-01  -2.5475413e-01
   6.7391286e-01   5.3244704e-01
   6.7455489e-01   2.6431102e-01
   6.7594559e-01  -1.8952721e-01
   6.7663790e-01   1.9910403e-01
   6.7721863e-01   7.3578185e-01
   6.7777228e-01  -1.2470559e-01
   6.7815054e-01   1.3414924e-01
   6.7832682e-01  -6.4997327e-01
   6.7888209e-01  -6.0076077e-02
   6.7903759e-01   6.9357477e-02
   6.7920230e-01   4.6051114e-03
   6.8127034e-01   5.9676399e-01
   6.8280318e-01  -7.3060237e-01
   6.8579737e-01  -4.8616089e-01
   6.8635949e-01  -4.1994935e-01
   6.8761570e-01   4.2921367e-01
   6.8792367e-01  -5.5403987e-01
   6.8805711e-01  -3.5345223e-01
   6.8810358e-01   6.6928131e-01
   6.8897447e-01   4.9772709e-01
   6.8991009e-01   3.6265755e-01
   6.9112563e-01  -2.8732362e-01
   6.9251490e-01   2.9695603e-01
   6.9411280e-01  -2.2189426e-01
   6.9499350e-01   2.3166035e-01
   6.9637622e-01  -1.5702285e-01
   6.9685115e-01   1.6666369e-01
   6.9796288e-01  -9.2393204e-02
   6.9816757e-01   1.0179915e-01
   6.9837271e-01  -6.1840600e-01
   6.9866438e-01  -2.7778121e-02
   6.9871298e-01   3.7016368e-02
   6.9942987e-01  -6.7401556e-01
   7.0025352e-01   5.6372769e-01
   7.0047857e-01   6.2635453e-01
   7.0399314e-01   7.1020678e-01
   7.0454168e-01  -5.1799063e-01
   7.0482432e-01  -4.5254325e-01
   7.0570252e-01   4.6179174e-01
   7.0575209e-01  -3.8639911e-01
   7.0713211e-01   3.9541698e-01
   7.0781779e-01  -7.0639506e-01
   7.0854048e-01  -3.2003007e-01
   7.0971085e-01  -5.8670851e-01
   7.1017881e-01   5.3108557e-01
   7.1033251e-01   3.2963325e-01
   7.1183225e-01  -2.5435344e-01
   7.1297002e-01   2.6431523e-01
   7.1477027e-01  -1.8939365e-01
   7.1539038e-01   1.9929123e-01
   7.1683741e-01  -1.2474238e-01
   7.1708759e-01   1.3433866e-01
   7.1802907e-01  -6.0170735e-02
   7.1809264e-01   6.9487626e-02
   7.1822290e-01   4.6038497e-03
   7.1901545e-01   6.5281978e-01
   7.2127408e-01  -6.4373599e-01
   7.2140430e-01   5.9238534e-01
   7.2344153e-01  -5.4913615e-01
   7.2365634e-01  -4.8479522e-01
   7.2396842e-01  -4.1929699e-01
   7.2420947e-01   4.9383006e-01
   7.2484972e-01   4.2824926e-01
   7.2554451e-01  -3.5296063e-01
   7.2783557e-01   3.6232729e-01
   7.2831834e-01   6.8523893e-01
   7.2927471e-01  -2.8697691e-01
   7.3085221e-01   2.9710064e-01
   7.3286960e-01  -2.2180303e-01
   7.3371327e-01   2.3201378e-01
   7.3537905e-01  -1.5716861e-01
   7.3558276e-01  -6.7743487e-01
   7.3568493e-01   1.6703918e-01
   7.3712820e-01  -9.2595652e-02
   7.3717837e-01   1.0205526e-01
   7.3774756e-01   3.7129251e-02
   7.3776191e-01  -2.7904597e-02
   7.4091709e-01   6.2168506e-01
   7.4231613e-01  -5.8005629e-01
   7.4259470e-01   5.6035809e-01
   7.4273637e-01  -4.5198636e-01
   7.4275686e-01  -5.1672015e-01
   7.4278022e-01   5.2571802e-01
   7.4282026e-01  -6.1469632e-01
   7.4311551e-01   4.6097460e-01
   7.4322318e-01  -3.8612133e-01
   7.4456817e-01   3.9523818e-01
   7.4645356e-01  -3.1976379e-01
   7.4866855e-01   3.2991521e-01
   7.5030763e-01  -2.5432768e-01
   7.5147183e-01   2.6490342e-01
   7.5377452e-01  -1.8969636e-01
   7.5420753e-01   1.9994789e-01
   7.5520250e-01   6.5549156e-01
   7.5602047e-01  -1.2511177e-01
   7.5604434e-01   1.3479468e-01
   7.5716256e-01   4.5908028e-03
   7.5717804e-01   6.9747412e-02
   7.5724720e-01  -6.0450769e-02
   7.6091011e-01  -6.4885730e-01
   7.6161460e-01   4.9399928e-01
   7.6164822e-01  -5.4900668e-01
   7.6166930e-01  -4.1924210e-01
   7.6189618e-01  -4.8441580e-01
   7.6232778e-01   4.2851873e-01
   7.6262331e-01   5.9181513e-01
   7.6285358e-01  -3.5287321e-01
   7.6601515e-01   3.6271165e-01
   7.6752386e-01  -2.8707442e-01
   7.6934011e-01   2.9803752e-01
   7.7187648e-01  -2.2224648e-01
   7.7255394e-01   2.3300697e-01
   7.7443460e-01   1.6781509e-01
   7.7445020e-01  -1.5779796e-01
   7.7508719e-01  -5.8630220e-01
   7.7537874e-01   5.3114985e-01
   7.7615606e-01   1.0249897e-01
   7.7632578e-01  -9.3072803e-02
   7.7671861e-01   3.7339124e-02
   7.7680449e-01  -2.8143794e-02
   7.7982981e-01   6.2599159e-01
   7.8052203e-01   4.6216590e-01
   7.8057928e-01  -3.8635075e-01
   7.8079679e-01  -4.5214587e-01
   7.8089740e-01  -5.1699961e-01
   7.8176807e-01   3.9588060e-01
   7.8446335e-01  -3.1996118e-01
   7.8479685e-01  -6.1975310e-01
   7.8535821e-01   5.6332000e-01
   7.8733260e-01   3.3117004e-01
   7.8889585e-01  -2.5492835e-01
   7.8991823e-01   2.6637006e-01
   7.9294599e-01  -1.9070175e-01
   7.9296771e-01   2.0121548e-01
   7.9493096e-01   1.3550321e-01
   7.9523807e-01  -1.2588745e-01
   7.9586382e-01   4.5772167e-03
   7.9628127e-01   7.0175679e-02
   7.9648903e-01  -6.0912035e-02
   7.9697366e-01   4.9769120e-01
   7.9703907e-01  -5.5193363e-01
   7.9933742e-01  -4.1967753e-01
   7.9944290e-01   4.2979191e-01
   7.9980319e-01  -3.5325111e-01
   8.0010519e-01  -4.8491350e-01
   8.0305071e-01   5.9591070e-01
   8.0456246e-01   3.6406946e-01
   8.0594499e-01  -2.8792430e-01
   8.0789343e-01   3.0029014e-01
   8.1023990e-01  -5.8609837e-01
   8.1123734e-01  -2.2360457e-01
   8.1143905e-01   2.3486977e-01
   8.1188318e-01   5.3139845e-01
   8.1285963e-01   1.6893327e-01
   8.1338776e-01  -1.5905871e-01
   8.1503683e-01   1.0315703e-01
   8.1542357e-01  -9.3776682e-02
   8.1553692e-01   3.7697915e-02
   8.1569631e-01  -2.8524048e-02
   8.1680067e-01   4.6405799e-01
   8.1778352e-01  -3.8700006e-01
   8.1796109e-01  -5.1856794e-01
   8.1841475e-01   3.9728812e-01
   8.1882677e-01  -4.5255306e-01
   8.2275329e-01  -3.2091656e-01
   8.2569701e-01   5.6411386e-01
   8.2653356e-01   3.3422492e-01
   8.2755903e-01  -2.5667913e-01
   8.2791038e-01   2.6916354e-01
   8.3140450e-01   2.0295924e-01
   8.3214815e-01  -1.9275046e-01
   8.3352859e-01  -5.5247632e-01
   8.3356824e-01   4.9652226e-01
   8.3372409e-01   1.3649464e-01
   8.3406979e-01   4.5739251e-03
   8.3433399e-01  -1.2695373e-01
   8.3544652e-01   7.0812690e-02
   8.3578560e-01  -6.1569592e-02
   8.3623840e-01  -3.5413194e-01
   8.3632775e-01   4.3097445e-01
   8.3705736e-01  -4.1992417e-01
   8.3787963e-01  -4.8518106e-01
   8.4405297e-01   3.6720109e-01
   8.4470848e-01  -2.9042861e-01
   8.4605573e-01   3.0500768e-01
   8.4845364e-01   5.2926970e-01
   8.5011747e-01   2.3717205e-01
   8.5072073e-01   1.7045016e-01
   8.5103008e-01  -2.2656873e-01
   8.5168397e-01  -1.6071295e-01
   8.5372511e-01   1.0404396e-01
   8.5409029e-01   3.8258283e-02
   8.5423671e-01   4.6122795e-01
   8.5431108e-01  -9.4694932e-02
   8.5431886e-01  -2.9076901e-02
   8.5480868e-01   3.9870837e-01
   8.5513647e-01  -5.1840295e-01
   8.5519477e-01  -3.8731333e-01
   8.5690050e-01  -4.5128788e-01
   8.6196686e-01  -3.2357362e-01
   8.6421454e-01   2.7211304e-01
   8.6587478e-01  -2.6104128e-01
   8.6624272e-01   3.4236685e-01
   8.6945680e-01   2.0536587e-01
   8.6980899e-01   4.9338862e-01
   8.7077103e-01  -1.9541237e-01
   8.7136348e-01   4.5875564e-03
   8.7244937e-01   1.3779800e-01
   8.7247044e-01  -3.5511968e-01
   8.7331978e-01  -1.2831857e-01
   8.7483364e-01   7.1662604e-02
   8.7503310e-01   4.2489220e-01
   8.7527473e-01  -4.8362604e-01
   8.7528780e-01  -6.2401550e-02
   8.7538933e-01  -4.1655552e-01
   8.8129609e-01   3.0950818e-01
   8.8380837e-01  -2.9805663e-01
   8.8521612e-01   3.8232088e-01
   8.8754834e-01   1.7240361e-01
   8.8885836e-01  -1.6281265e-01
   8.8906947e-01   2.4027665e-01
   8.8981551e-01   4.5632046e-01
   8.9070458e-01  -2.3003653e-01
   8.9200350e-01   1.0507119e-01
   8.9222013e-01   3.9106609e-02
   8.9250946e-01  -2.9874311e-02
   8.9275675e-01  -9.5710191e-02
   8.9405954e-01  -4.4794814e-01
   8.9423360e-01  -3.8045930e-01
   8.9871011e-01   2.7545532e-01
   9.0084562e-01   3.4907255e-01
   9.0115472e-01  -2.6504640e-01
   9.0277520e-01  -3.3842346e-01
   9.0681578e-01   2.0874006e-01
   9.0703343e-01   4.6255365e-03
   9.0859391e-01  -1.9906859e-01
   9.0869261e-01   4.1746585e-01
   9.1121203e-01   1.3922556e-01
   9.1160568e-01  -4.1106579e-01
   9.1228221e-01  -1.2974589e-01
   9.1448575e-01   3.1503071e-01
   9.1488057e-01   7.2798568e-02
   9.1543470e-01  -6.3475340e-02
   9.1719293e-01  -3.0538073e-01
   9.2232476e-01   1.7437764e-01
   9.2383772e-01  -1.6483580e-01
   9.2397193e-01   3.8246029e-01
   9.2810067e-01  -3.7232936e-01
   9.2891643e-01   2.4488725e-01
   9.2943905e-01   1.0619826e-01
   9.2950608e-01   4.0363154e-02
   9.2982942e-01  -3.1025912e-02
   9.3000605e-01   2.8081505e-01
   9.3033570e-01  -9.6800918e-02
   9.3115337e-01  -2.3525692e-01
   9.3255448e-01  -2.7147384e-01
   9.3794007e-01   3.4679739e-01
   9.3997577e-01   4.6773513e-03
   9.4142487e-01  -3.3722279e-01
   9.4239304e-01   2.1201302e-01
   9.4430716e-01  -2.0245756e-01
   9.5034765e-01   1.4191708e-01
   9.5051487e-01   3.1067906e-01
   9.5160995e-01  -1.3241504e-01
   9.5357577e-01  -3.0115321e-01
   9.5435009e-01   1.7713145e-01
   9.5598993e-01  -1.6762927e-01
   9.5640208e-01   7.3787624e-02
   9.5703307e-01  -6.4319211e-02
   9.6218109e-01   2.7241062e-01
   9.6370505e-01   1.0842744e-01
   9.6469075e-01  -9.8902689e-02
   9.6484978e-01  -2.6280202e-01
   9.6496451e-01   4.0337372e-02
   9.6528099e-01  -3.0860767e-02
   9.7065177e-01   4.7362164e-03
   9.7104990e-01   2.3887673e-01
   9.7337683e-01  -2.2921069e-01
   9.7914853e-01   2.0314563e-01
   9.8110694e-01  -1.9346621e-01
   9.8629175e-01   1.6501086e-01
   9.8786867e-01  -1.5529166e-01
   9.9134798e-01   1.3126000e-01
   9.9258847e-01  -1.2152419e-01
   9.9562659e-01   9.3422171e-02
   9.9649376e-01  -8.3667115e-02
   9.9819248e-01   6.0097967e-02
   9.9873214e-01  -5.0339926e-02
   9.9970906e-01   2.4120656e-02
   9.9989672e-01  -1.4372219e-02
