   1.9000000e+01   1.5000000e+01
   3.1000000e+01   1.9000000e+01
   9.0000000e+00   6.0000000e+00
   6.0000000e+00   4.0000000e+00
   1.4100000e+02   1.6200000e+02
   6.9000000e+01   8.8000000e+01
   8.8000000e+01   1.0000000e+02
   3.0600000e+02   2.9800000e+02
   3.2000000e+02   3.1900000e+02
   2.7900000e+02   2.6400000e+02
   2.8900000e+02   2.7900000e+02
   1.6100000e+02   1.4000000e+02
   2.1600000e+02   2.0000000e+02
   2.3500000e+02   2.1600000e+02
   8.0000000e+00   1.6000000e+01
   3.3000000e+01   4.2000000e+01
   1.5000000e+01   9.0000000e+00
   5.0000000e+00   7.0000000e+00
   2.0000000e+01   3.3000000e+01
   2.9800000e+02   2.8900000e+02
   3.1300000e+02   3.0600000e+02
   3.1500000e+02   3.1300000e+02
   2.5300000e+02   2.3500000e+02
   2.6400000e+02   2.5300000e+02
   1.7900000e+02   1.6100000e+02
   4.2000000e+01   5.3000000e+01
   2.7300000e+02   2.8600000e+02
   2.8600000e+02   2.9700000e+02
   2.9700000e+02   3.0300000e+02
   3.1400000e+02   3.1600000e+02
   3.1800000e+02   3.2000000e+02
   3.1600000e+02   3.1800000e+02
   5.1000000e+01   4.1000000e+01
   4.1000000e+01   3.1000000e+01
   7.9000000e+01   6.8000000e+01
   6.8000000e+01   5.1000000e+01
   3.0000000e+00   5.0000000e+00
   7.0000000e+00   8.0000000e+00
   1.0000000e+00   3.0000000e+00
   2.0000000e+00   1.0000000e+00
   5.3000000e+01   6.9000000e+01
   1.2000000e+02   1.4100000e+02
   1.0000000e+02   1.2000000e+02
   2.0000000e+02   1.7900000e+02
   9.8000000e+01   7.9000000e+01
   1.1900000e+02   9.8000000e+01
   3.0300000e+02   3.1200000e+02
   4.0000000e+00   2.0000000e+00
   2.0400000e+02   2.2400000e+02
   1.6200000e+02   1.8300000e+02
   1.6000000e+01   2.0000000e+01
   3.1700000e+02   3.1500000e+02
   1.4000000e+02   1.1900000e+02
   2.2400000e+02   2.4300000e+02
   2.4300000e+02   2.5900000e+02
   3.1200000e+02   3.1400000e+02
   1.8300000e+02   2.0400000e+02
   3.1900000e+02   3.1700000e+02
   2.5900000e+02   2.7300000e+02
