  -9.9852741e-01  -5.4249538e-02
  -9.9592044e-01   9.0235711e-02
  -9.7657564e-01  -2.1517441e-01
  -9.7120604e-01   2.3824110e-01
  -9.3371484e-01  -3.5801758e-01
  -9.2608306e-01   3.7731970e-01
  -8.6271234e-01  -9.4155194e-02
  -8.5934499e-01  -5.1139631e-01
  -8.5774484e-01   5.1407567e-01
  -8.4730496e-01   1.9971990e-01
  -8.1959536e-01   5.0634701e-02
  -7.9347419e-01  -2.2921726e-01
  -7.9330732e-01  -3.6823845e-01
  -7.8056355e-01   3.4397580e-01
  -7.6553894e-01   6.4338956e-01
  -7.6296598e-01  -6.4643864e-01
  -7.0685377e-01  -8.4133299e-02
  -7.0423962e-01  -4.9667735e-01
  -7.0297060e-01   4.7669294e-01
  -7.0133489e-01   1.8676172e-01
  -6.5041762e-01   7.5957680e-01
  -6.4755561e-01  -3.4956498e-01
  -6.3973858e-01  -7.6859257e-01
  -6.3650189e-01   4.8979400e-02
  -6.2040229e-01   3.2609113e-01
  -6.1560029e-01  -2.1447793e-01
  -6.1462891e-01  -6.2461951e-01
  -6.1052358e-01   5.9654584e-01
  -5.4714761e-01  -4.9405280e-01
  -5.3776061e-01   1.8226975e-01
  -5.3508095e-01  -8.2783474e-02
  -5.3298024e-01   4.5580737e-01
  -5.1487003e-01  -8.5726825e-01
  -5.0885613e-01   7.1372072e-01
  -5.0757339e-01   8.6160853e-01
  -4.9473602e-01  -3.5543989e-01
  -4.8535592e-01  -6.7281726e-01
  -4.5736520e-01   4.7405788e-02
  -4.5150116e-01   3.1556246e-01
  -4.4325397e-01  -2.2097926e-01
  -4.3791086e-01   5.8363352e-01
  -4.0846299e-01  -5.2153243e-01
  -3.8907216e-01  -7.8524358e-01
  -3.6863558e-01   9.2957399e-01
  -3.6692946e-01   1.7854893e-01
  -3.6536142e-01   7.4392399e-01
  -3.6392292e-01  -8.9139411e-02
  -3.6210809e-01   4.4675318e-01
  -3.5795008e-01  -9.3374072e-01
  -3.4424750e-01  -3.7456446e-01
  -3.1754227e-01  -6.5504292e-01
  -2.8301132e-01   4.3085960e-02
  -2.8234729e-01   5.9202116e-01
  -2.8018327e-01   3.1123438e-01
  -2.7780200e-01  -2.3391188e-01
  -2.5724149e-01   8.3964050e-01
  -2.4849281e-01  -5.1730335e-01
  -2.4110967e-01  -8.1696588e-01
  -2.0144278e-01  -9.7950028e-01
  -1.9898098e-01   9.8000335e-01
  -1.9707871e-01   4.5010194e-01
  -1.9637966e-01  -9.6862912e-02
  -1.9551314e-01   1.7649174e-01
  -1.8916714e-01   7.0842851e-01
  -1.8302084e-01  -3.7728492e-01
  -1.6688859e-01  -6.7699922e-01
  -1.1288085e-01   3.9815366e-02
  -1.1167981e-01   3.1412278e-01
  -1.1128346e-01  -2.3808539e-01
  -1.0801190e-01   5.7554760e-01
  -1.0264518e-01   8.5164616e-01
  -9.6525315e-02  -5.3265322e-01
  -9.6075751e-02  -8.4157273e-01
  -4.2216844e-02  -9.9910847e-01
  -3.2547490e-02   9.9947019e-01
  -2.9201934e-02  -9.9357755e-02
  -2.6850425e-02   1.7839494e-01
  -2.6116536e-02  -3.8674510e-01
  -2.4812435e-02   7.1165343e-01
  -2.2089308e-02   4.4579515e-01
  -1.8043820e-02  -6.9081386e-01
   4.7635619e-02   8.5606951e-01
   5.1035147e-02  -2.4234137e-01
   5.3016598e-02  -8.4514451e-01
   5.4403499e-02   3.9477687e-02
   5.5344232e-02  -5.3799618e-01
   5.9530473e-02   3.1656132e-01
   6.3037842e-02   5.8003394e-01
   1.1456429e-01  -9.9341584e-01
   1.3074548e-01  -3.8763222e-01
   1.3317936e-01  -6.8571420e-01
   1.3445667e-01   9.9091947e-01
   1.3605109e-01  -1.0114870e-01
   1.3940148e-01   7.1751845e-01
   1.4058433e-01   1.7870865e-01
   1.5240038e-01   4.5802320e-01
   2.0270151e-01   8.5362887e-01
   2.0357679e-01  -8.2794523e-01
   2.1013946e-01  -5.3073744e-01
   2.1309879e-01  -2.4443902e-01
   2.2010125e-01   4.1072887e-02
   2.2310743e-01   3.1999154e-01
   2.3665645e-01   6.0471921e-01
   2.6335044e-01  -9.6470024e-01
   2.8861644e-01  -6.6823901e-01
   2.9159730e-01  -3.8890615e-01
   2.9981144e-01  -9.8764832e-02
   3.0607022e-01   9.5200894e-01
   3.0748854e-01   1.8224257e-01
   3.1239670e-01   7.6178903e-01
   3.1818740e-01   4.6325023e-01
   3.5639331e-01  -7.9503571e-01
   3.7230925e-01  -2.3528138e-01
   3.7391366e-01  -5.3678706e-01
   3.8275252e-01   3.2755412e-01
   3.8461104e-01   4.0261261e-02
   3.9387807e-01   6.0223784e-01
   4.0114597e-01  -9.1601414e-01
   4.4398125e-01  -3.7569761e-01
   4.4703465e-01   8.9451664e-01
   4.5283623e-01   7.4727380e-01
   4.6445909e-01  -6.8644103e-01
   4.6912135e-01  -9.0786217e-02
   4.7165125e-01   1.7395411e-01
   4.9196082e-01   4.7057366e-01
   5.1979243e-01  -5.1225317e-01
   5.2497967e-01   3.0698952e-01
   5.3157793e-01  -2.2968664e-01
   5.3354443e-01  -8.4577204e-01
   5.5468425e-01   6.3732485e-01
   5.5662273e-01   4.9531174e-02
   5.9472041e-01   8.0393261e-01
   5.9979597e-01  -6.3333082e-01
   6.0403596e-01  -3.7138527e-01
   6.3886565e-01  -9.1772988e-02
   6.3947012e-01   3.7117820e-01
   6.4841869e-01   5.3722051e-01
   6.5059055e-01   1.9511170e-01
   6.5064383e-01  -7.5938305e-01
   6.8926368e-01  -5.0678317e-01
   6.8965929e-01  -2.3167457e-01
   7.1530019e-01   6.9881731e-01
   7.1574804e-01   4.4726789e-02
   7.6631807e-01  -6.4246137e-01
   7.6659416e-01   4.4369930e-01
   7.6684976e-01  -3.7832100e-01
   7.8811515e-01   2.9510634e-01
   8.1430483e-01  -1.0411949e-01
   8.1673743e-01   5.7700951e-01
   8.2752070e-01   1.6474330e-01
   8.4074093e-01  -2.4290433e-01
   8.5943424e-01  -5.1124630e-01
   8.7236893e-01   2.2777026e-02
   9.0682939e-01   4.2149788e-01
   9.3083425e-01  -3.6544164e-01
   9.6182107e-01   2.7367905e-01
   9.7969024e-01  -2.0051694e-01
   9.9296196e-01   1.1843368e-01
   9.9862762e-01  -5.2372396e-02
