  -9.9990423e-01  -1.3839505e-02
  -9.9767541e-01   6.8145288e-02
  -9.9546566e-01  -9.5121594e-02
  -9.8862171e-01   1.5042311e-01
  -9.8412042e-01  -1.7750209e-01
  -9.7462085e-01   2.2386199e-01
  -9.6752965e-01  -2.5275753e-01
  -9.5200486e-01   3.0608290e-01
  -9.4421535e-01  -3.2932867e-01
  -9.3385242e-01   2.2933574e-02
  -9.3171393e-01  -4.9260860e-02
  -9.2999254e-01   1.0575197e-01
  -9.2779103e-01  -1.3099173e-01
  -9.2409428e-01   3.8216457e-01
  -9.1369978e-01  -4.0638984e-01
  -9.0937840e-01   2.4799044e-01
  -9.0291953e-01  -2.0155177e-01
  -9.0261420e-01   1.7690500e-01
  -8.9224568e-01  -2.6920932e-01
  -8.9049607e-01   4.5499093e-01
  -8.7829346e-01  -4.7812195e-01
  -8.7760439e-01   3.1942021e-01
  -8.7427567e-01   5.3408469e-02
  -8.7121359e-01  -8.6406123e-02
  -8.7105262e-01  -3.4702638e-01
  -8.5318162e-01  -1.6657706e-02
  -8.5118261e-01   5.2486967e-01
  -8.4945921e-01   1.1966786e-01
  -8.4651168e-01   3.8841146e-01
  -8.4596440e-01  -1.5421841e-01
  -8.4279661e-01   2.4540955e-01
  -8.3791389e-01  -5.4580245e-01
  -8.3543512e-01  -4.1534820e-01
  -8.2565554e-01  -2.8925155e-01
  -8.1615491e-01  -2.2069476e-01
  -8.1502136e-01   1.8136598e-01
  -8.1160353e-01   4.5548006e-01
  -8.0626156e-01   5.9155921e-01
  -8.0496092e-01   3.1651509e-01
  -8.0324023e-01   4.8328023e-02
  -8.0103435e-01  -8.5040157e-02
  -7.9839571e-01  -4.8049846e-01
  -7.9244604e-01  -6.0994202e-01
  -7.9100441e-01  -3.5513351e-01
  -7.7205180e-01   5.2017632e-01
  -7.7051054e-01  -1.9306066e-02
  -7.7038622e-01   1.1496018e-01
  -7.7011919e-01   3.8511225e-01
  -7.6854721e-01  -1.5519884e-01
  -7.6739425e-01   2.4745514e-01
  -7.5857269e-01  -5.4313843e-01
  -7.5580263e-01   6.5479949e-01
  -7.5547929e-01  -2.8386620e-01
  -7.5395486e-01  -4.2034197e-01
  -7.3973636e-01  -6.7289681e-01
  -7.3324336e-01   1.8012603e-01
  -7.3263854e-01   4.5113646e-01
  -7.3035024e-01  -2.1879690e-01
  -7.2899074e-01   3.1557219e-01
  -7.2801644e-01   5.8218749e-01
  -7.2719269e-01   4.6588907e-02
  -7.2590271e-01  -8.7902683e-02
  -7.1856640e-01  -6.0785428e-01
  -7.1524065e-01  -4.8566867e-01
  -7.1514460e-01  -3.5281018e-01
  -6.9942843e-01   7.1470264e-01
  -6.9206846e-01   3.8225076e-01
  -6.9130343e-01   5.1498985e-01
  -6.9125962e-01   1.1325735e-01
  -6.9048071e-01   2.4651841e-01
  -6.9028281e-01  -2.1268409e-02
  -6.9001888e-01  -7.2379137e-01
  -6.8803011e-01  -1.5464390e-01
  -6.8015845e-01   6.4207852e-01
  -6.7993712e-01  -2.8551115e-01
  -6.7675991e-01  -5.5484279e-01
  -6.7582118e-01  -4.2112260e-01
  -6.5640019e-01  -6.4069294e-01
  -6.5312805e-01   1.7910845e-01
  -6.5292056e-01   4.4713889e-01
  -6.5165295e-01   3.1351099e-01
  -6.4976998e-01   4.5330920e-02
  -6.4795692e-01  -2.2037354e-01
  -6.4785308e-01  -8.8298262e-02
  -6.4629458e-01   5.7799310e-01
  -6.3846501e-01  -3.5489440e-01
  -6.3782598e-01  -4.9168744e-01
  -6.3517320e-01   7.7236974e-01
  -6.3313658e-01  -7.7404009e-01
  -6.2900573e-01   7.0303871e-01
  -6.1409414e-01  -6.9785443e-01
  -6.1315317e-01   3.7944998e-01
  -6.1246189e-01   2.4542302e-01
  -6.1232090e-01   1.1196839e-01
  -6.1106296e-01   5.1112918e-01
  -6.1065817e-01  -2.1901219e-02
  -6.0821630e-01  -1.5537040e-01
  -6.0794544e-01  -5.6984790e-01
  -6.0284902e-01  -2.8839943e-01
  -5.9966517e-01   6.4486061e-01
  -5.9956763e-01  -4.2567649e-01
  -5.7426546e-01   8.1866915e-01
  -5.7373473e-01   1.7814465e-01
  -5.7326410e-01   3.1182430e-01
  -5.7303106e-01   4.4452153e-01
  -5.7267306e-01  -6.3388523e-01
  -5.7145818e-01   4.4591926e-02
  -5.6932349e-01  -8.9155253e-02
  -5.6849757e-01  -8.2268494e-01
  -5.6840682e-01   5.7733250e-01
  -5.6789399e-01  -2.2267394e-01
  -5.6503698e-01  -4.9962733e-01
  -5.6330447e-01  -7.5253316e-01
  -5.6307299e-01   7.3097617e-01
  -5.6229083e-01  -3.5867757e-01
  -5.3390073e-01   3.7772320e-01
  -5.3388554e-01   2.4443328e-01
  -5.3338797e-01   1.1108523e-01
  -5.3208785e-01   5.1058177e-01
  -5.3161061e-01  -2.2740134e-02
  -5.3116832e-01   6.5125205e-01
  -5.2929569e-01  -1.5684391e-01
  -5.2920169e-01  -5.6698533e-01
  -5.2781949e-01  -6.9496895e-01
  -5.2580270e-01  -2.9166954e-01
  -5.2490334e-01  -4.3044266e-01
  -5.1024558e-01   7.9074112e-01
  -5.0833674e-01  -8.6115838e-01
  -5.0138797e-01   8.6522257e-01
  -4.9492249e-01  -7.7484168e-01
  -4.9462034e-01   1.7737363e-01
  -4.9446828e-01   3.1076258e-01
  -4.9395264e-01   4.4394518e-01
  -4.9339624e-01   5.8011386e-01
  -4.9295820e-01   4.3759769e-02
  -4.9096428e-01  -9.0378252e-02
  -4.9077713e-01   7.1111363e-01
  -4.8993808e-01  -6.3187736e-01
  -4.8929969e-01  -2.2509113e-01
  -4.8772059e-01  -4.9906258e-01
  -4.8644459e-01  -3.6202973e-01
  -4.5513952e-01   2.4376173e-01
  -4.5501524e-01   3.7724845e-01
  -4.5474158e-01   5.1173160e-01
  -4.5460684e-01   1.1026985e-01
  -4.5341879e-01  -7.0466465e-01
  -4.5302052e-01  -2.3779681e-02
  -4.5233621e-01   6.4362294e-01
  -4.5107256e-01  -1.5850383e-01
  -4.4958936e-01  -5.6616608e-01
  -4.4887811e-01  -2.9425976e-01
  -4.4794851e-01  -4.3102260e-01
  -4.4493973e-01  -8.2744401e-01
  -4.4482564e-01   7.6758329e-01
  -4.3734491e-01  -8.9929385e-01
  -4.3236556e-01   8.3586329e-01
  -4.2478266e-01   9.0529536e-01
  -4.1580741e-01   3.1040110e-01
  -4.1578282e-01   1.7674289e-01
  -4.1574762e-01   4.4443149e-01
  -4.1455296e-01   4.2862132e-02
  -4.1417302e-01   5.7691402e-01
  -4.1288589e-01  -9.1678370e-02
  -4.1274446e-01  -6.3600142e-01
  -4.1141052e-01  -2.2700546e-01
  -4.1036418e-01  -7.6600523e-01
  -4.0957414e-01  -4.9919002e-01
  -4.0937621e-01  -3.6314609e-01
  -4.0902393e-01   7.0556485e-01
  -3.7662032e-01   3.7741598e-01
  -3.7657219e-01   2.4341293e-01
  -3.7606737e-01   1.0953302e-01
  -3.7564640e-01   5.1052828e-01
  -3.7477320e-01  -2.4829171e-02
  -3.7320604e-01  -1.5990669e-01
  -3.7310061e-01  -8.4122744e-01
  -3.7303197e-01   7.7927650e-01
  -3.7217446e-01  -7.0085829e-01
  -3.7209161e-01   6.4151919e-01
  -3.7196447e-01  -5.6824057e-01
  -3.7150202e-01  -9.2843215e-01
  -3.7143966e-01  -2.9553600e-01
  -3.7039256e-01  -4.3171838e-01
  -3.5440243e-01   9.3509300e-01
  -3.5429508e-01   8.5190063e-01
  -3.3745042e-01   3.1038224e-01
  -3.3727728e-01   1.7627894e-01
  -3.3694304e-01   4.4401465e-01
  -3.3633728e-01   4.2025800e-02
  -3.3499199e-01  -9.2798025e-02
  -3.3461687e-01   5.7651126e-01
  -3.3408318e-01  -7.7097453e-01
  -3.3383366e-01   7.1221309e-01
  -3.3359299e-01  -2.2817438e-01
  -3.3275900e-01  -6.3493708e-01
  -3.3203666e-01  -5.0058941e-01
  -3.3193895e-01  -3.6412027e-01
  -3.1744864e-01  -8.8619272e-01
  -3.0109616e-01   7.8439860e-01
  -2.9828333e-01   2.4323128e-01
  -2.9810203e-01   3.7725833e-01
  -2.9780292e-01   1.0892720e-01
  -2.9730193e-01   8.9519368e-01
  -2.9675333e-01  -2.5729075e-02
  -2.9668281e-01   5.1069562e-01
  -2.9540800e-01  -1.6090594e-01
  -2.9521866e-01   6.4577384e-01
  -2.9396407e-01  -9.5581647e-01
  -2.9389341e-01  -7.0356674e-01
  -2.9388168e-01  -2.9657510e-01
  -2.9311849e-01  -5.6835030e-01
  -2.9297081e-01  -4.3289779e-01
  -2.8646484e-01  -8.2730693e-01
  -2.7256752e-01   9.6213666e-01
  -2.6151508e-01   8.4066785e-01
  -2.5916527e-01   3.1024968e-01
  -2.5907841e-01   1.7592837e-01
  -2.5840327e-01   4.4428643e-01
  -2.5839126e-01   7.1610778e-01
  -2.5831389e-01   4.1334300e-02
  -2.5717447e-01  -9.3659275e-02
  -2.5708969e-01   5.7916499e-01
  -2.5587800e-01  -2.2913125e-01
  -2.5452122e-01  -3.6519958e-01
  -2.5416565e-01  -6.3676213e-01
  -2.5394273e-01  -5.0120626e-01
  -2.5016946e-01  -7.6628040e-01
  -2.4312140e-01  -8.9998530e-01
  -2.2016234e-01   2.4302245e-01
  -2.1986446e-01   3.7744303e-01
  -2.1977687e-01   1.0844288e-01
  -2.1910655e-01   9.0915680e-01
  -2.1893799e-01   5.1232410e-01
  -2.1887822e-01  -2.6442785e-02
  -2.1859048e-01   6.4841124e-01
  -2.1855714e-01   7.7981643e-01
  -2.1828219e-01  -9.7588569e-01
  -2.1769607e-01  -1.6174340e-01
  -2.1637666e-01  -2.9755354e-01
  -2.1528945e-01  -4.3370876e-01
  -2.1490744e-01  -5.6976388e-01
  -2.1263585e-01  -7.0279174e-01
  -2.0859652e-01  -8.3725478e-01
  -1.9282197e-01   9.8123376e-01
  -1.8113593e-01   3.1028919e-01
  -1.8108610e-01   1.7561124e-01
  -1.8062754e-01   4.4523490e-01
  -1.8044732e-01   4.0777154e-02
  -1.8042181e-01   8.4774732e-01
  -1.7992735e-01   5.8093197e-01
  -1.7944739e-01  -9.4384991e-02
  -1.7892556e-01   7.1496932e-01
  -1.7827633e-01  -2.2998747e-01
  -1.7700006e-01  -3.6604339e-01
  -1.7614986e-01  -5.0237921e-01
  -1.7467776e-01  -6.3746014e-01
  -1.7198661e-01  -7.7332216e-01
  -1.7078382e-01  -9.1408715e-01
  -1.4356323e-01   9.2082035e-01
  -1.4226973e-01   2.4291602e-01
  -1.4212390e-01   3.7793725e-01
  -1.4192126e-01   1.0802977e-01
  -1.4157148e-01  -9.8992804e-01
  -1.4156486e-01   5.1345092e-01
  -1.4112803e-01  -2.7050511e-02
  -1.4040267e-01   6.4858025e-01
  -1.4007336e-01  -1.6248622e-01
  -1.3998310e-01   7.8378471e-01
  -1.3886439e-01  -2.9835235e-01
  -1.3775809e-01  -4.3469414e-01
  -1.3655454e-01  -5.7082978e-01
  -1.3480967e-01  -7.0769556e-01
  -1.3377958e-01  -8.4792341e-01
  -1.1323460e-01   9.9356828e-01
  -1.0350671e-01   8.5535042e-01
  -1.0344349e-01   3.1048305e-01
  -1.0329439e-01   1.7537005e-01
  -1.0317343e-01   4.4590697e-01
  -1.0270953e-01   4.0285421e-02
  -1.0226864e-01   5.8142323e-01
  -1.0180635e-01  -9.5029534e-02
  -1.0133747e-01   7.1751700e-01
  -1.0072206e-01  -2.3071543e-01
  -9.9556271e-02  -3.6688264e-01
  -9.8427915e-02  -5.0337080e-01
  -9.7389299e-02  -9.2373769e-01
  -9.7231621e-02  -6.4071508e-01
  -9.6410948e-02  -7.8061264e-01
  -6.8156824e-02   9.2811459e-01
  -6.4641571e-02   3.7830951e-01
  -6.4625417e-02   2.4288913e-01
  -6.4223277e-02   1.0766443e-01
  -6.4110288e-02   5.1391446e-01
  -6.3865546e-02  -9.9795851e-01
  -6.3684832e-02   7.8813531e-01
  -6.3476386e-02  -2.7600367e-02
  -6.3217609e-02   6.5016189e-01
  -6.2501312e-02  -1.6314095e-01
  -6.1398233e-02  -2.9909696e-01
  -6.0297653e-02  -4.3551774e-01
  -5.9358327e-02  -5.7283904e-01
  -5.9312975e-02  -8.5450460e-01
  -5.8820063e-02  -7.1220857e-01
  -3.3552589e-02   9.9943695e-01
  -2.7710557e-02   8.5930956e-01
  -2.5969786e-02   3.1062150e-01
  -2.5782583e-02   4.4629628e-01
  -2.5697656e-02   1.7514770e-01
  -2.5161348e-02   5.8240082e-01
  -2.5080173e-02   3.9827711e-02
  -2.4981198e-02   7.1981106e-01
  -2.4222091e-02  -9.5609025e-02
  -2.3210349e-02  -2.3138964e-01
  -2.3160744e-02  -9.2819160e-01
  -2.2132228e-02  -3.6760829e-01
  -2.1386939e-02  -7.8431091e-01
  -2.1280476e-02  -5.0457597e-01
  -2.0921095e-02  -6.4315218e-01
   7.2485119e-03   9.3018840e-01
   1.2113754e-02   7.8962711e-01
   1.2698098e-02   3.7856569e-01
   1.2823980e-02   2.4277929e-01
   1.3043702e-02   5.1466278e-01
   1.3343339e-02   1.0729711e-01
   1.3392298e-02   6.5136625e-01
   1.4110401e-02  -2.8114751e-02
   1.4353657e-02  -9.9989698e-01
   1.5031767e-02  -1.6373733e-01
   1.5244573e-02  -8.5616986e-01
   1.6065342e-02  -2.9977109e-01
   1.6780215e-02  -7.1367432e-01
   1.6959784e-02  -4.3636916e-01
   1.7301068e-02  -5.7400693e-01
   4.5919787e-02   9.9894513e-01
   4.7983494e-02   8.5879202e-01
   5.1257077e-02  -9.2722428e-01
   5.1308683e-02   3.1059023e-01
   5.1350289e-02   4.4687854e-01
   5.1385269e-02   7.2022010e-01
   5.1745366e-02   5.8341662e-01
   5.1761780e-02   1.7484761e-01
   5.2476738e-02   3.9366421e-02
   5.3333330e-02  -9.6154284e-02
   5.3711272e-02  -7.8377042e-01
   5.4284812e-02  -2.3197653e-01
   5.5247308e-02  -3.6833874e-01
   5.5345871e-02  -6.4334947e-01
   5.5770275e-02  -5.0530846e-01
   8.2257187e-02   9.2706045e-01
   8.8483410e-02   7.8818623e-01
   8.9719595e-02   3.7868707e-01
   8.9982033e-02   5.1565539e-01
   9.0006855e-02  -8.5292247e-01
   9.0134185e-02   2.4251349e-01
   9.0369740e-02   6.5221773e-01
   9.0832641e-02   1.0686943e-01
   9.1669412e-02  -2.8634463e-02
   9.2472463e-02  -9.9571524e-01
   9.2569079e-02  -1.6427985e-01
   9.2777964e-02  -7.1207403e-01
   9.3502330e-02  -3.0033918e-01
   9.4281633e-02  -4.3705650e-01
   9.4295246e-02  -5.7412412e-01
   1.2441416e-01   8.5453045e-01
   1.2485985e-01   9.9217439e-01
   1.2520580e-01  -9.2101616e-01
   1.2804042e-01   4.4715098e-01
   1.2838441e-01   3.1036579e-01
   1.2873588e-01   5.8488714e-01
   1.2900690e-01   7.2046764e-01
   1.2914552e-01   1.7442510e-01
   1.2947017e-01  -7.7967686e-01
   1.3000591e-01   3.8852664e-02
   1.3090658e-01  -9.6693356e-02
   1.3180824e-01  -2.3248613e-01
   1.3250068e-01  -6.4244014e-01
   1.3263468e-01  -3.6878425e-01
   1.3317842e-01  -5.0580579e-01
   1.5675876e-01   9.1951443e-01
   1.6543339e-01  -8.4566118e-01
   1.6631925e-01   5.1600094e-01
   1.6647310e-01   3.7847047e-01
   1.6720965e-01   7.8729392e-01
   1.6735059e-01   2.4207728e-01
   1.6799405e-01   6.5457123e-01
   1.6829446e-01   1.0632937e-01
   1.6924710e-01  -2.9182292e-02
   1.6998708e-01  -9.8544629e-01
   1.7016259e-01  -1.6480755e-01
   1.7033830e-01  -7.0985058e-01
   1.7103158e-01  -3.0072822e-01
   1.7166238e-01  -4.3721652e-01
   1.7207841e-01  -5.7449152e-01
   1.9843639e-01  -9.1037266e-01
   2.0337970e-01   9.7909994e-01
   2.0419962e-01   8.5139130e-01
   2.0441171e-01   4.4684723e-01
   2.0472671e-01   5.8522404e-01
   2.0534117e-01   3.0988477e-01
   2.0649540e-01   1.7381585e-01
   2.0756574e-01   3.8267059e-02
   2.0762777e-01  -7.7582224e-01
   2.0839640e-01   7.2480720e-01
   2.0853627e-01  -9.7233495e-02
   2.0945775e-01  -2.3295378e-01
   2.1020860e-01  -3.6891766e-01
   2.1057344e-01  -5.0554482e-01
   2.1106439e-01  -6.4315157e-01
   2.3334269e-01   9.1210994e-01
   2.4226377e-01   5.1545891e-01
   2.4310332e-01   3.7790774e-01
   2.4364484e-01   6.5475054e-01
   2.4407481e-01  -8.3945297e-01
   2.4451773e-01   2.4133407e-01
   2.4579917e-01   1.0565328e-01
   2.4686950e-01  -9.6904873e-01
   2.4689476e-01  -2.9753080e-02
   2.4784726e-01  -1.6529383e-01
   2.4880102e-01  -3.0108091e-01
   2.4931345e-01  -4.3693760e-01
   2.4951061e-01  -5.7368103e-01
   2.4980915e-01   7.9616336e-01
   2.5035953e-01  -7.1213423e-01
   2.7379798e-01  -9.0028243e-01
   2.8022055e-01   5.8416505e-01
   2.8070269e-01   4.4617989e-01
   2.8219397e-01   3.0892556e-01
   2.8371804e-01   7.2422723e-01
   2.8390751e-01   1.7298433e-01
   2.8436476e-01   9.5871616e-01
   2.8523023e-01   3.7601781e-02
   2.8627012e-01  -9.7718277e-02
   2.8724343e-01  -2.3335623e-01
   2.8818095e-01  -3.6912536e-01
   2.8826650e-01  -5.0465024e-01
   2.8827705e-01  -6.4155672e-01
   2.9014511e-01  -7.8242445e-01
   2.9137282e-01   8.7060543e-01
   3.1827997e-01   5.1470376e-01
   3.1880495e-01   6.5250974e-01
   3.1953459e-01   3.7663855e-01
   3.2177049e-01   2.4025674e-01
   3.2337097e-01   7.9308344e-01
   3.2343140e-01   1.0482691e-01
   3.2469521e-01  -3.0303553e-02
   3.2563379e-01  -1.6565138e-01
   3.2610622e-01  -9.4533313e-01
   3.2662416e-01  -7.0918687e-01
   3.2675648e-01  -3.0138263e-01
   3.2731093e-01  -5.7175897e-01
   3.2760467e-01  -4.3703408e-01
   3.3031926e-01  -8.5631261e-01
   3.5333111e-01   9.3549833e-01
   3.5624491e-01   5.8343162e-01
   3.5664250e-01   4.4444831e-01
   3.5910856e-01   3.0751844e-01
   3.5924356e-01   7.1899107e-01
   3.6148822e-01   1.7190340e-01
   3.6302027e-01   8.5738105e-01
   3.6310712e-01   3.6946250e-02
   3.6340184e-01  -7.7663474e-01
   3.6417810e-01  -9.8117639e-02
   3.6512854e-01  -2.3354718e-01
   3.6586883e-01  -6.3766267e-01
   3.6636061e-01  -3.6934834e-01
   3.6699889e-01  -5.0481215e-01
   3.9328919e-01  -9.1941482e-01
   3.9364340e-01   5.1221737e-01
   3.9588299e-01   6.5210027e-01
   3.9602634e-01   3.7485144e-01
   3.9922657e-01   2.3877099e-01
   3.9931113e-01   7.7991628e-01
   3.9982828e-01  -8.4050948e-01
   4.0133670e-01   1.0402447e-01
   4.0270330e-01  -3.0753265e-02
   4.0324821e-01  -7.0140420e-01
   4.0358030e-01  -1.6589567e-01
   4.0478650e-01  -3.0131667e-01
   4.0606371e-01  -4.3729921e-01
   4.0726157e-01  -5.7233092e-01
   4.2540856e-01   9.0500141e-01
   4.3092814e-01   5.7965210e-01
   4.3276145e-01   4.4221462e-01
   4.3611871e-01   3.0548172e-01
   4.3625513e-01   8.3466727e-01
   4.3800252e-01  -7.6080269e-01
   4.3948029e-01   1.7089174e-01
   4.4126875e-01   3.6444204e-02
   4.4159092e-01   7.1882582e-01
   4.4228707e-01  -9.8369720e-02
   4.4323237e-01  -2.3364122e-01
   4.4446975e-01  -3.6884619e-01
   4.4559593e-01  -5.0554354e-01
   4.4778010e-01  -6.3916204e-01
   4.6297715e-01  -8.8637022e-01
   4.6950274e-01   5.0949216e-01
   4.7004862e-01   6.4596369e-01
   4.7015439e-01  -8.1583842e-01
   4.7247226e-01   3.7208885e-01
   4.7728336e-01   2.3748877e-01
   4.7957962e-01   1.0344173e-01
   4.8092830e-01  -3.0966917e-02
   4.8164417e-01  -1.6600935e-01
   4.8320395e-01  -3.0118952e-01
   4.8403384e-01  -4.3603111e-01
   4.8711993e-01  -5.7431627e-01
   4.8824469e-01   7.8327503e-01
   4.8883284e-01  -7.0437596e-01
   4.9978870e-01   8.6614736e-01
   5.0683680e-01   5.7658435e-01
   5.0864383e-01   4.3833502e-01
   5.1379081e-01   3.0397596e-01
   5.1794931e-01   1.7028599e-01
   5.1849702e-01   7.0690977e-01
   5.1976964e-01   3.6225274e-02
   5.2057078e-01  -9.8344085e-02
   5.2151249e-01  -2.3370241e-01
   5.2227669e-01  -5.0309485e-01
   5.2323092e-01  -3.6834306e-01
   5.2651745e-01  -7.6735488e-01
   5.2965920e-01  -6.4385794e-01
   5.3463863e-01  -8.4508079e-01
   5.4456553e-01   5.0371391e-01
   5.4728412e-01   6.4322671e-01
   5.4993438e-01   3.7066223e-01
   5.5600823e-01   2.3680412e-01
   5.5810341e-01   1.0337810e-01
   5.5936440e-01  -3.0932113e-02
   5.5964543e-01  -1.6585281e-01
   5.6091000e-01   7.5770892e-01
   5.6202919e-01  -3.0115936e-01
   5.6312193e-01  -4.3496036e-01
   5.6334963e-01  -5.6926339e-01
   5.6341840e-01   8.2617172e-01
   5.7499383e-01  -7.1529353e-01
   5.8023693e-01   5.6763459e-01
   5.8652082e-01   4.3739855e-01
   5.9176164e-01   3.0343172e-01
   5.9691773e-01   1.7043656e-01
   5.9809358e-01  -8.0142627e-01
   5.9854348e-01   3.6585171e-02
   5.9908613e-01  -9.8278385e-02
   5.9974512e-01  -2.3349971e-01
   6.0021823e-01  -5.0169082e-01
   6.0244681e-01  -6.3269056e-01
   6.0266839e-01  -3.6809852e-01
   6.0966674e-01   7.0110841e-01
   6.1583111e-01   6.3074219e-01
   6.2337867e-01   5.0399997e-01
   6.2748381e-01   3.7098683e-01
   6.3195110e-01   7.7500826e-01
   6.3548760e-01   2.3705207e-01
   6.3676601e-01   1.0412060e-01
   6.3756013e-01  -1.6620957e-01
   6.3770003e-01  -3.0325615e-02
   6.4102584e-01  -3.0047296e-01
   6.4184483e-01  -6.8773829e-01
   6.4328310e-01  -4.3439013e-01
   6.4464881e-01  -5.6787603e-01
   6.5415490e-01  -7.5636061e-01
   6.5949695e-01   5.7165307e-01
   6.6443926e-01   4.3940373e-01
   6.6942707e-01   3.0415443e-01
   6.7638488e-01   1.7172240e-01
   6.7698715e-01  -5.0241061e-01
   6.7740289e-01  -9.7686394e-02
   6.7758949e-01   3.7700423e-02
   6.7841342e-01  -2.3503758e-01
   6.8108728e-01   6.5122750e-01
   6.8218200e-01  -3.6549402e-01
   6.8801177e-01  -6.2728801e-01
   6.9149108e-01   7.2238499e-01
   7.0114938e-01   5.0924994e-01
   7.0409418e-01   3.7351188e-01
   7.1398114e-01  -1.6613023e-01
   7.1423796e-01  -6.9990295e-01
   7.1518860e-01   1.0584385e-01
   7.1567010e-01  -2.9100605e-02
   7.1600156e-01   2.3860530e-01
   7.2229619e-01  -3.0385445e-01
   7.2232316e-01  -4.2650120e-01
   7.3027367e-01   5.8572119e-01
   7.3027437e-01  -5.6686490e-01
   7.4082905e-01   4.4510723e-01
   7.4342195e-01  -4.8706074e-01
   7.4579390e-01   3.0642632e-01
   7.5186210e-01   6.5932040e-01
   7.5497334e-01  -2.3617200e-01
   7.5564346e-01  -9.6636843e-02
   7.5622103e-01   1.7459268e-01
   7.5698873e-01   3.9434722e-02
   7.6657619e-01  -6.4215337e-01
   7.6776726e-01  -3.7170281e-01
   7.7445990e-01   5.2100874e-01
   7.7843058e-01   3.7869176e-01
   7.8830732e-01  -1.6551763e-01
   7.9238183e-01   1.0841172e-01
   7.9283827e-01  -2.7772784e-02
   7.9666792e-01  -5.1953425e-01
   7.9821874e-01   2.4216193e-01
   8.0089788e-01  -3.0632419e-01
   8.0428304e-01   5.9424640e-01
   8.1067170e-01  -4.4079629e-01
   8.1273210e-01  -5.8263757e-01
   8.1373101e-01   4.5543205e-01
   8.1915400e-01   3.1061019e-01
   8.2920977e-01  -2.3688387e-01
   8.3450645e-01  -9.5533289e-02
   8.3564729e-01   1.7956983e-01
   8.3697193e-01   4.0662315e-02
   8.4809618e-01  -3.7700407e-01
   8.4876756e-01   3.8875232e-01
   8.5000543e-01   5.2677392e-01
   8.5964141e-01  -1.6481089e-01
   8.6159569e-01  -5.0759519e-01
   8.6587868e-01   1.1020191e-01
   8.6857272e-01  -2.7083997e-02
   8.7678970e-01  -3.0862000e-01
   8.8306890e-01   2.4990093e-01
   8.8526024e-01   3.2119706e-01
   8.8948790e-01   4.5695872e-01
   8.9720656e-01  -4.4161112e-01
   9.0088933e-01  -2.3891802e-01
   9.1124280e-01   1.8416059e-01
   9.1509210e-01  -9.6871238e-02
   9.1854076e-01   4.1994801e-02
   9.2307454e-01   3.8462112e-01
   9.2617764e-01  -1.6764008e-01
   9.2866852e-01  -3.7091073e-01
   9.3335795e-01   1.1272796e-01
   9.3906065e-01  -2.7658831e-02
   9.5181540e-01   3.0667155e-01
   9.5463815e-01  -2.9776837e-01
   9.7137078e-01   2.3756855e-01
   9.7496679e-01  -2.2235053e-01
   9.8665575e-01   1.6282021e-01
   9.8992959e-01  -1.4156062e-01
   9.9661470e-01   8.2214014e-02
   9.9755076e-01  -6.9946253e-02
   9.9994288e-01   1.0688163e-02
