  -9.9994693e-01   1.0302893e-02
  -8.6996829e-01  -4.9310767e-01
  -8.6202743e-01   5.0686162e-01
  -5.3203631e-01   1.2085289e-03
  -5.0446327e-01  -8.6343315e-01
  -4.9554030e-01   8.6858495e-01
  -2.6713392e-01  -4.6145806e-01
  -2.6490183e-01   4.6000841e-01
  -1.9455306e-10   1.0000000e+00
  -1.0851514e-10  -2.1140928e-03
   2.6436970e-10  -1.0000000e+00
   2.6490183e-01   4.6000841e-01
   2.6713392e-01  -4.6145806e-01
   4.9554030e-01   8.6858495e-01
   5.0446327e-01  -8.6343315e-01
   5.3203631e-01   1.2085293e-03
   8.6202743e-01   5.0686162e-01
   8.6996829e-01  -4.9310767e-01
   9.9994692e-01   1.0302895e-02
