   7.3000000e+01   6.1000000e+01
   1.0000000e+00   2.0000000e+00
   5.1610000e+03   5.1600000e+03
   2.0000000e+00   4.0000000e+00
   2.9300000e+03   2.8430000e+03
   1.6790000e+03   1.7630000e+03
   5.0280000e+03   5.0060000e+03
   1.9000000e+01   1.5000000e+01
   1.5000000e+01   1.3000000e+01
   3.0000000e+00   1.0000000e+00
   1.4000000e+01   1.6000000e+01
   9.2500000e+02   8.5500000e+02
   2.7480000e+03   2.6270000e+03
   4.3120000e+03   4.2720000e+03
   4.5560000e+03   4.6140000e+03
   4.6760000e+03   4.6190000e+03
   4.5460000e+03   4.4850000e+03
   4.7110000e+03   4.6760000e+03
   6.1000000e+01   5.2000000e+01
   5.2000000e+01   4.1000000e+01
   8.3000000e+01   9.7000000e+01
   2.1600000e+02   2.4800000e+02
   1.8200000e+02   2.1600000e+02
   1.3000000e+01   1.1000000e+01
   5.0000000e+00   3.0000000e+00
   7.0000000e+00   5.0000000e+00
   3.0000000e+01   3.6000000e+01
   4.0000000e+00   6.0000000e+00
   6.0000000e+00   8.0000000e+00
   8.0000000e+00   1.0000000e+01
   3.8600000e+02   3.3600000e+02
   3.3600000e+02   3.0500000e+02
   4.2000000e+02   3.8600000e+02
   8.1200000e+02   7.4800000e+02
   8.5500000e+02   8.1200000e+02
   2.8430000e+03   2.7480000e+03
   3.0160000e+03   2.9300000e+03
   2.1560000e+03   2.0630000e+03
   1.0090000e+03   1.0770000e+03
   9.6200000e+02   1.0090000e+03
   2.4530000e+03   2.5810000e+03
   4.6140000e+03   4.6500000e+03
   4.4160000e+03   4.4780000e+03
   1.4330000e+03   1.5150000e+03
   4.3820000e+03   4.3120000e+03
   5.0060000e+03   4.9830000e+03
   5.1530000e+03   5.1550000e+03
   5.1550000e+03   5.1570000e+03
   5.1510000e+03   5.1530000e+03
   5.1590000e+03   5.1610000e+03
   4.7480000e+03   4.7110000e+03
   9.0000000e+00   7.0000000e+00
   1.0700000e+02   8.9000000e+01
   3.6000000e+01   4.4000000e+01
   1.6000000e+01   2.3000000e+01
   2.3000000e+01   3.0000000e+01
   1.5600000e+02   1.8200000e+02
   5.4600000e+02   5.1300000e+02
   5.1300000e+02   4.6600000e+02
   6.4500000e+02   6.0900000e+02
   7.4800000e+02   6.9400000e+02
   1.1150000e+03   1.0450000e+03
   9.7700000e+02   9.2500000e+02
   2.5390000e+03   2.4510000e+03
   3.1020000e+03   3.0160000e+03
   3.2740000e+03   3.1880000e+03
   3.8100000e+03   3.7320000e+03
   3.7320000e+03   3.6500000e+03
   8.2700000e+02   8.8900000e+02
   8.8900000e+02   9.6200000e+02
   3.1010000e+03   3.1870000e+03
   2.1920000e+03   2.2790000e+03
   2.2790000e+03   2.3660000e+03
   2.3660000e+03   2.4530000e+03
   1.8470000e+03   1.9340000e+03
   4.1990000e+03   4.2640000e+03
   4.1480000e+03   4.1990000e+03
   4.4780000e+03   4.5180000e+03
   4.5180000e+03   4.5560000e+03
   1.3530000e+03   1.4330000e+03
   1.5970000e+03   1.6790000e+03
   1.5150000e+03   1.5970000e+03
   4.9830000e+03   4.9550000e+03
   5.1570000e+03   5.1590000e+03
   2.6690000e+03   2.7560000e+03
   2.8420000e+03   2.9290000e+03
   4.9950000e+03   5.0170000e+03
   5.0170000e+03   5.0370000e+03
   4.9710000e+03   4.9950000e+03
   2.4800000e+02   2.7800000e+02
   4.8280000e+03   4.7950000e+03
   1.1000000e+01   9.0000000e+00
   4.1000000e+01   3.3000000e+01
   3.3000000e+01   2.7000000e+01
   2.7000000e+01   1.9000000e+01
   1.2400000e+02   1.0700000e+02
   8.9000000e+01   7.3000000e+01
   4.4000000e+01   5.5000000e+01
   9.7000000e+01   1.1200000e+02
   1.1200000e+02   1.3400000e+02
   1.2000000e+01   1.4000000e+01
   1.0000000e+01   1.2000000e+01
   4.6600000e+02   4.2000000e+02
   1.5560000e+03   1.4740000e+03
   1.7210000e+03   1.6380000e+03
   6.0900000e+02   5.4600000e+02
   1.2710000e+03   1.1920000e+03
   1.0450000e+03   9.7700000e+02
   2.2730000e+03   2.1560000e+03
   2.6270000e+03   2.5390000e+03
   3.1880000e+03   3.1020000e+03
   1.8910000e+03   1.8050000e+03
   1.8050000e+03   1.7210000e+03
   2.0630000e+03   1.9770000e+03
   3.4350000e+03   3.3580000e+03
   4.2720000e+03   4.2010000e+03
   3.8660000e+03   3.8100000e+03
   3.5160000e+03   3.4350000e+03
   6.7600000e+02   7.1600000e+02
   4.3400000e+02   4.8100000e+02
   2.9290000e+03   3.0150000e+03
   3.0150000e+03   3.1010000e+03
   2.1060000e+03   2.1920000e+03
   4.2640000e+03   4.3100000e+03
   4.8120000e+03   4.8550000e+03
   4.8550000e+03   4.8830000e+03
   4.8830000e+03   4.9140000e+03
   4.0840000e+03   4.1480000e+03
   4.0120000e+03   4.0840000e+03
   3.8930000e+03   3.9560000e+03
   4.6500000e+03   4.6900000e+03
   4.6190000e+03   4.5840000e+03
   5.1460000e+03   5.1410000e+03
   5.1410000e+03   5.1330000e+03
   5.1330000e+03   5.1260000e+03
   5.1260000e+03   5.1180000e+03
   5.0830000e+03   5.0670000e+03
   5.0670000e+03   5.0510000e+03
   5.0510000e+03   5.0280000e+03
   5.1180000e+03   5.1080000e+03
   5.1080000e+03   5.0940000e+03
   5.1480000e+03   5.1460000e+03
   5.1490000e+03   5.1510000e+03
   2.7560000e+03   2.8420000e+03
   2.5810000e+03   2.6690000e+03
   5.1220000e+03   5.1280000e+03
   4.9550000e+03   4.9220000e+03
   4.7950000e+03   4.7480000e+03
   1.4400000e+02   1.2400000e+02
   7.0000000e+01   8.3000000e+01
   5.5000000e+01   7.0000000e+01
   1.6380000e+03   1.5560000e+03
   1.3510000e+03   1.2710000e+03
   6.9400000e+02   6.4500000e+02
   1.1920000e+03   1.1150000e+03
   3.3580000e+03   3.2740000e+03
   4.0810000e+03   4.0070000e+03
   4.4320000e+03   4.3820000e+03
   3.9330000e+03   3.8660000e+03
   3.5680000e+03   3.5160000e+03
   3.6500000e+03   3.5680000e+03
   5.1600000e+02   5.7600000e+02
   6.1200000e+02   6.7600000e+02
   5.7600000e+02   6.1200000e+02
   4.8100000e+02   5.1600000e+02
   7.8000000e+02   8.2700000e+02
   7.1600000e+02   7.8000000e+02
   1.0770000e+03   1.1540000e+03
   1.7630000e+03   1.8470000e+03
   4.3730000e+03   4.4160000e+03
   4.3100000e+03   4.3730000e+03
   3.6800000e+03   3.7530000e+03
   3.9560000e+03   4.0120000e+03
   4.5840000e+03   4.5460000e+03
   5.0940000e+03   5.0830000e+03
   4.9450000e+03   4.9710000e+03
   4.9140000e+03   4.9450000e+03
   5.1470000e+03   5.1490000e+03
   2.7800000e+02   3.0700000e+02
   4.8580000e+03   4.8280000e+03
   1.6300000e+02   1.4400000e+02
   1.3400000e+02   1.5600000e+02
   1.4740000e+03   1.3930000e+03
   2.4510000e+03   2.3640000e+03
   2.3640000e+03   2.2730000e+03
   4.2010000e+03   4.1260000e+03
   4.1260000e+03   4.0810000e+03
   4.0070000e+03   3.9330000e+03
   4.4850000e+03   4.4320000e+03
   1.3110000e+03   1.3530000e+03
   1.2310000e+03   1.3110000e+03
   3.2730000e+03   3.3590000e+03
   3.4430000e+03   3.5270000e+03
   3.3590000e+03   3.4430000e+03
   1.9340000e+03   2.0200000e+03
   2.0200000e+03   2.1060000e+03
   4.7720000e+03   4.8120000e+03
   4.7390000e+03   4.7720000e+03
   3.6080000e+03   3.6800000e+03
   3.8140000e+03   3.8930000e+03
   3.7530000e+03   3.8140000e+03
   5.1500000e+03   5.1480000e+03
   5.1580000e+03   5.1560000e+03
   5.1600000e+03   5.1580000e+03
   5.0370000e+03   5.0550000e+03
   5.1430000e+03   5.1470000e+03
   5.1350000e+03   5.1430000e+03
   3.0700000e+02   3.5200000e+02
   4.8900000e+03   4.8580000e+03
   2.4400000e+02   2.1400000e+02
   2.7500000e+02   2.4400000e+02
   3.0500000e+02   2.7500000e+02
   2.1400000e+02   1.8900000e+02
   1.8900000e+02   1.6300000e+02
   1.3930000e+03   1.3510000e+03
   1.9770000e+03   1.8910000e+03
   1.1540000e+03   1.2310000e+03
   3.1870000e+03   3.2730000e+03
   3.5270000e+03   3.6080000e+03
   5.1560000e+03   5.1540000e+03
   5.1540000e+03   5.1520000e+03
   5.1520000e+03   5.1500000e+03
   5.0890000e+03   5.0990000e+03
   3.5200000e+02   3.9000000e+02
   4.6900000e+03   4.7390000e+03
   5.0990000e+03   5.1110000e+03
   3.9000000e+02   4.3400000e+02
   4.9220000e+03   4.8900000e+03
   5.0550000e+03   5.0720000e+03
   5.0720000e+03   5.0890000e+03
   5.1110000e+03   5.1220000e+03
   5.1280000e+03   5.1350000e+03
