   2.0000000e+00   4.0000000e+00
   9.2200000e+02   9.6100000e+02
   8.7600000e+02   8.3400000e+02
   2.0400000e+02   1.7300000e+02
   1.2740000e+03   1.2790000e+03
   1.2840000e+03   1.2820000e+03
   1.2900000e+03   1.2880000e+03
   1.0370000e+03   1.0730000e+03
   5.7700000e+02   6.4000000e+02
   7.2700000e+02   7.6900000e+02
   8.5400000e+02   8.9600000e+02
   9.1700000e+02   8.7600000e+02
   5.4000000e+01   4.2000000e+01
   1.0000000e+00   2.0000000e+00
   9.5800000e+02   9.1700000e+02
   8.0000000e+00   1.0000000e+01
   1.1740000e+03   1.1910000e+03
   1.2600000e+03   1.2670000e+03
   1.2670000e+03   1.2740000e+03
   1.2880000e+03   1.2860000e+03
   1.1490000e+03   1.1740000e+03
   1.2810000e+03   1.2830000e+03
   9.9900000e+02   1.0370000e+03
   8.1200000e+02   8.5400000e+02
   7.6900000e+02   8.1200000e+02
   1.2200000e+02   1.3900000e+02
   1.3900000e+02   1.7100000e+02
   6.6000000e+01   8.1000000e+01
   7.9300000e+02   7.4900000e+02
   8.3400000e+02   7.9300000e+02
   1.7300000e+02   1.5300000e+02
   3.2400000e+02   2.8400000e+02
   2.8400000e+02   2.6500000e+02
   2.2800000e+02   2.0400000e+02
   4.2000000e+01   3.2000000e+01
   8.9600000e+02   9.2200000e+02
   3.1000000e+01   4.0000000e+01
   1.0000000e+01   1.6000000e+01
   1.2100000e+03   1.2260000e+03
   1.1910000e+03   1.2100000e+03
   1.2410000e+03   1.2510000e+03
   1.2510000e+03   1.2600000e+03
   1.2260000e+03   1.2410000e+03
   1.2890000e+03   1.2900000e+03
   1.2860000e+03   1.2840000e+03
   1.2820000e+03   1.2800000e+03
   1.2800000e+03   1.2750000e+03
   1.2590000e+03   1.2480000e+03
   1.2480000e+03   1.2370000e+03
   1.2680000e+03   1.2590000e+03
   1.2750000e+03   1.2680000e+03
   1.1260000e+03   1.1490000e+03
   1.2790000e+03   1.2810000e+03
   4.4800000e+02   4.9100000e+02
   6.4000000e+02   6.8400000e+02
   8.1000000e+01   9.8000000e+01
   5.3000000e+01   6.6000000e+01
   2.9300000e+02   3.2900000e+02
   3.2900000e+02   3.6500000e+02
   2.6100000e+02   2.9300000e+02
   4.0500000e+02   3.6300000e+02
   2.6500000e+02   2.2800000e+02
   1.5300000e+02   1.2300000e+02
   2.5000000e+01   1.9000000e+01
   3.2000000e+01   2.5000000e+01
   3.0000000e+00   1.0000000e+00
   9.9600000e+02   9.5800000e+02
   1.0630000e+03   1.0350000e+03
   4.0000000e+00   6.0000000e+00
   6.0000000e+00   8.0000000e+00
   1.6000000e+01   2.2000000e+01
   1.2370000e+03   1.2230000e+03
   1.2230000e+03   1.2060000e+03
   5.3400000e+02   5.7700000e+02
   4.9100000e+02   5.3400000e+02
   4.0600000e+02   4.4800000e+02
   3.6500000e+02   4.0600000e+02
   6.8400000e+02   7.2700000e+02
   2.2700000e+02   2.6100000e+02
   9.8000000e+01   1.2200000e+02
   4.0000000e+01   5.3000000e+01
   3.6300000e+02   3.2400000e+02
   1.1000000e+01   9.0000000e+00
   1.9000000e+01   1.1000000e+01
   9.0000000e+00   7.0000000e+00
   5.0000000e+00   3.0000000e+00
   7.0000000e+00   5.0000000e+00
   1.1440000e+03   1.1250000e+03
   1.0910000e+03   1.0630000e+03
   7.0600000e+02   6.6300000e+02
   7.4900000e+02   7.0600000e+02
   4.9000000e+02   4.4700000e+02
   2.2000000e+01   3.1000000e+01
   1.2870000e+03   1.2890000e+03
   9.6100000e+02   9.9900000e+02
   1.0950000e+03   1.1260000e+03
   1.0730000e+03   1.0950000e+03
   1.7100000e+02   1.9100000e+02
   1.9100000e+02   2.2700000e+02
   1.2300000e+02   1.0700000e+02
   1.0700000e+02   8.3000000e+01
   8.3000000e+01   6.8000000e+01
   6.8000000e+01   5.4000000e+01
   1.0350000e+03   9.9600000e+02
   1.1730000e+03   1.1440000e+03
   1.1890000e+03   1.1730000e+03
   1.1250000e+03   1.0910000e+03
   5.3300000e+02   4.9000000e+02
   4.4700000e+02   4.0500000e+02
   1.2850000e+03   1.2870000e+03
   1.2830000e+03   1.2850000e+03
   1.2060000e+03   1.1890000e+03
   5.7600000e+02   5.3300000e+02
   6.6300000e+02   6.2000000e+02
   6.2000000e+02   5.7600000e+02
