   2.5900000e+03   2.5890000e+03
   9.3000000e+02   9.9100000e+02
   2.4000000e+03   2.4280000e+03
   1.2100000e+02   1.4500000e+02
   3.4700000e+02   3.0800000e+02
   3.0000000e+00   1.0000000e+00
   4.9000000e+01   3.9000000e+01
   2.4660000e+03   2.4460000e+03
   1.5110000e+03   1.4500000e+03
   1.4500000e+03   1.3880000e+03
   2.0000000e+00   4.0000000e+00
   1.2350000e+03   1.2960000e+03
   2.5860000e+03   2.5880000e+03
   2.3100000e+02   2.5400000e+02
   1.8900000e+02   1.6800000e+02
   1.3000000e+01   1.1000000e+01
   3.9000000e+01   3.2000000e+01
   3.2000000e+01   2.4000000e+01
   2.5890000e+03   2.5870000e+03
   2.4860000e+03   2.4660000e+03
   4.0000000e+00   6.0000000e+00
   2.5880000e+03   2.5900000e+03
   2.5590000e+03   2.5650000e+03
   2.3720000e+03   2.4000000e+03
   2.3420000e+03   2.3720000e+03
   1.3570000e+03   1.4180000e+03
   1.2960000e+03   1.3570000e+03
   2.2430000e+03   2.2780000e+03
   2.2050000e+03   2.2430000e+03
   1.9200000e+02   2.3100000e+02
   5.2700000e+02   5.7500000e+02
   3.9700000e+02   4.4300000e+02
   3.5900000e+02   3.9700000e+02
   3.2300000e+02   3.5900000e+02
   2.7000000e+01   3.4000000e+01
   3.4000000e+01   4.4000000e+01
   4.4000000e+01   5.8000000e+01
   6.0900000e+02   6.6600000e+02
   5.7500000e+02   6.0900000e+02
   6.0000000e+01   4.9000000e+01
   7.2000000e+01   6.0000000e+01
   1.6800000e+02   1.4600000e+02
   1.2500000e+02   1.0400000e+02
   1.4600000e+02   1.2500000e+02
   2.7700000e+02   2.5000000e+02
   2.5000000e+02   2.1400000e+02
   2.1400000e+02   1.8900000e+02
   1.0000000e+00   2.0000000e+00
   1.8000000e+01   1.3000000e+01
   2.5870000e+03   2.5850000e+03
   1.3880000e+03   1.3270000e+03
   1.6340000e+03   1.5710000e+03
   5.7000000e+02   5.2500000e+02
   8.4100000e+02   7.8100000e+02
   9.6000000e+02   9.0000000e+02
   3.0800000e+02   2.7700000e+02
   4.7200000e+02   4.2100000e+02
   6.1000000e+02   5.7000000e+02
   5.2500000e+02   4.7200000e+02
   4.2100000e+02   3.8800000e+02
   7.1800000e+02   7.5400000e+02
   7.5400000e+02   8.1200000e+02
   1.1730000e+03   1.2350000e+03
   1.1120000e+03   1.1730000e+03
   1.4790000e+03   1.5400000e+03
   2.5840000e+03   2.5860000e+03
   2.4500000e+03   2.4720000e+03
   2.5650000e+03   2.5730000e+03
   2.5390000e+03   2.5480000e+03
   2.5480000e+03   2.5590000e+03
   1.8400000e+03   1.8960000e+03
   4.4300000e+02   4.7500000e+02
   2.5400000e+02   2.9800000e+02
   7.0000000e+01   8.4000000e+01
   1.9000000e+01   2.7000000e+01
   1.4000000e+01   1.9000000e+01
   6.6600000e+02   7.1800000e+02
   8.9000000e+01   7.2000000e+01
   1.0400000e+02   8.9000000e+01
   2.4000000e+01   1.8000000e+01
   2.5850000e+03   2.5830000e+03
   2.5830000e+03   2.5810000e+03
   2.5810000e+03   2.5790000e+03
   2.5570000e+03   2.5470000e+03
   2.4460000e+03   2.4210000e+03
   1.1440000e+03   1.0830000e+03
   1.2050000e+03   1.1440000e+03
   1.3270000e+03   1.2660000e+03
   1.2660000e+03   1.2050000e+03
   1.5710000e+03   1.5110000e+03
   7.8100000e+02   7.2400000e+02
   9.0000000e+02   8.4100000e+02
   1.0830000e+03   1.0220000e+03
   1.0220000e+03   9.6000000e+02
   6.6700000e+02   6.1000000e+02
   3.8800000e+02   3.4700000e+02
   8.1200000e+02   8.7100000e+02
   8.7100000e+02   9.3000000e+02
   1.4180000e+03   1.4790000e+03
   2.5780000e+03   2.5800000e+03
   2.5820000e+03   2.5840000e+03
   2.4280000e+03   2.4500000e+03
   2.4720000e+03   2.4970000e+03
   2.5730000e+03   2.5780000e+03
   1.7220000e+03   1.7810000e+03
   1.8960000e+03   1.9500000e+03
   2.2780000e+03   2.3130000e+03
   1.6900000e+02   1.9200000e+02
   1.4500000e+02   1.6900000e+02
   4.7500000e+02   5.2700000e+02
   2.9800000e+02   3.2300000e+02
   1.0200000e+02   1.2100000e+02
   1.1000000e+01   9.0000000e+00
   7.0000000e+00   5.0000000e+00
   2.5790000e+03   2.5770000e+03
   2.3660000e+03   2.3360000e+03
   2.3940000e+03   2.3660000e+03
   2.2310000e+03   2.1940000e+03
   2.2690000e+03   2.2310000e+03
   2.3050000e+03   2.2690000e+03
   2.3360000e+03   2.3050000e+03
   1.7520000e+03   1.6920000e+03
   1.8110000e+03   1.7520000e+03
   2.0090000e+03   1.9570000e+03
   7.2400000e+02   6.6700000e+02
   6.0000000e+00   8.0000000e+00
   1.7810000e+03   1.8400000e+03
   1.6620000e+03   1.7220000e+03
   1.0510000e+03   1.1120000e+03
   2.5800000e+03   2.5820000e+03
   2.5280000e+03   2.5390000e+03
   2.3130000e+03   2.3420000e+03
   5.8000000e+01   7.0000000e+01
   8.4000000e+01   1.0200000e+02
   9.0000000e+00   7.0000000e+00
   5.0000000e+00   3.0000000e+00
   2.5050000e+03   2.4860000e+03
   2.4210000e+03   2.3940000e+03
   2.1940000e+03   2.1460000e+03
   1.6920000e+03   1.6340000e+03
   1.9570000e+03   1.9150000e+03
   8.0000000e+00   1.0000000e+01
   1.6010000e+03   1.6620000e+03
   1.5400000e+03   1.6010000e+03
   2.5700000e+03   2.5630000e+03
   2.5770000e+03   2.5700000e+03
   2.4970000e+03   2.5130000e+03
   2.5130000e+03   2.5280000e+03
   2.1160000e+03   2.0640000e+03
   1.9150000e+03   1.8680000e+03
   1.8680000e+03   1.8110000e+03
   1.0000000e+01   1.2000000e+01
   1.2000000e+01   1.4000000e+01
   9.9100000e+02   1.0510000e+03
   2.5630000e+03   2.5570000e+03
   2.1460000e+03   2.1160000e+03
   2.0640000e+03   2.0090000e+03
   2.1690000e+03   2.2050000e+03
   2.0370000e+03   2.0890000e+03
   1.9500000e+03   1.9820000e+03
   1.9820000e+03   2.0370000e+03
   2.5470000e+03   2.5370000e+03
   2.5220000e+03   2.5050000e+03
   2.0890000e+03   2.1210000e+03
   2.1210000e+03   2.1690000e+03
   2.5370000e+03   2.5220000e+03
